1
1
16
0
(1 0
((0,0) (31,63) (0,0))
)
1
FabOnDisk: Cell_D_00000 0

1,16
1.61813977783336637e-08,-1.29036451401021203e-16,-1.18330180818709801e-01,0.00000000000000000e+00,7.25530386292816402e+04,7.25530386292816402e+04,3.48348348348348338e+02,1.62302407191002483e-11,1.67000000000000003e-36,1.61813977783336870e-38,1.61813977783336870e-38,1.61813977783336870e-38,1.61813977783336870e-38,1.61813977783336870e-38,1.61813977783336870e-38,5.85817839137334841e-13,

1,16
3.70761939125915186e-06,2.69696117618381903e+00,1.74398792042805353e-02,0.00000000000000000e+00,2.82764657115981448e+06,1.84674766826997930e+06,2.47379669058603118e+05,3.70761938850084667e-06,4.58674458235864624e-08,3.70761939125915229e-36,3.70761939125915229e-36,3.70761939125915229e-36,3.70761939125915229e-36,3.70761939125915229e-36,3.70761939125915229e-36,3.70761938850235185e-06,

