1
1
16
0
(1 0
((0,0) (23,127) (0,0))
)
1
FabOnDisk: Cell_D_00000 0

1,16
2.83072733022745443e-08,-3.88664597151582783e-18,-3.45253829895300679e-01,0.00000000000000000e+00,7.25530386292816402e+04,7.25530386292816402e+04,3.48348348348348338e+02,2.83076470024593105e-11,1.67000000000000036e-36,2.83072733022745629e-38,2.83072733022745629e-38,2.83072733022745629e-38,2.83072733022745629e-38,2.83072733022745629e-38,2.83072733022745629e-38,9.32559564470736167e-13,

1,16
4.20564531979802424e-06,5.88341574386671340e+00,2.82683620884327941e-02,0.00000000000000000e+00,1.02179564735149611e+07,6.10228177548051998e+06,3.72699366461118567e+05,4.20561966882941869e-06,9.31912717218492143e-08,4.20564531979802697e-36,4.20564531979802697e-36,4.20564531979802697e-36,4.20564531979802697e-36,4.20564531979802697e-36,4.20564531979802697e-36,4.20561968670033072e-06,

