1
1
16
0
(2 0
((0,0) (63,255) (0,0))
((0,256) (63,511) (0,0))
)
2
FabOnDisk: Cell_D_00000 0
FabOnDisk: Cell_D_00000 2097236

2,16
1.71587144543451640e-08,-2.48402621793524653e-04,-2.95101680595813820e-01,0.00000000000000000e+00,7.25530386292816547e+04,7.25530386292816547e+04,3.48348348348348338e+02,1.71587144868306609e-11,1.67000000000000036e-36,1.71587144543451763e-38,1.71587144543451763e-38,1.71587144543451763e-38,1.71587144543451763e-38,1.71587144543451763e-38,1.71587144543451763e-38,5.64875531582870179e-13,
1.72972035220442968e-08,1.26400817119721903e-16,-7.11539840346150342e-16,0.00000000000000000e+00,7.25530386292816547e+04,7.25530386292816547e+04,3.48348348348348338e+02,1.72972065519623786e-11,1.67000000000000036e-36,1.72972035220443148e-38,1.72972035220443148e-38,1.72972035220443148e-38,1.72972035220443148e-38,1.72972035220443148e-38,1.72972035220443148e-38,5.69257122436874744e-13,

2,16
5.10377454490695983e-06,4.98432838256633381e+00,7.15467611278368804e-02,0.00000000000000000e+00,5.78410027190027386e+06,3.29582326785091776e+06,2.80784648348880175e+05,5.10377453999319464e-06,8.69037602141967104e-08,5.10377454490696449e-36,5.10377454490696449e-36,5.10377454490696449e-36,5.10377454490696449e-36,5.10377454490696449e-36,5.10377454490696449e-36,5.10377453999588736e-06,
4.96198089199584342e-06,4.86103362715397225e+00,7.20448075685760979e-16,0.00000000000000000e+00,5.64153912144617084e+06,3.21461593482567137e+06,2.78647458211504505e+05,4.96198088843890898e-06,5.96204512651643345e-08,4.96198089199584795e-36,4.96198089199584795e-36,4.96198089199584795e-36,4.96198089199584795e-36,4.96198089199584795e-36,4.96198089199584795e-36,4.96198088844085461e-06,

