1
1
16
0
(1 0
((0,0) (23,127) (0,0))
)
1
FabOnDisk: Cell_D_00000 0

1,16
1.88394601697922262e-08,-3.11274055955463599e-18,-2.64786582186658015e-01,0.00000000000000000e+00,7.25530386292816402e+04,7.25530386292816402e+04,3.48348348348348225e+02,1.88395025494857086e-11,1.67000000000000003e-36,1.88394601697922497e-38,1.88394601697922497e-38,1.88394601697922497e-38,1.88394601697922497e-38,1.88394601697922497e-38,1.88394601697922497e-38,6.20219567726932790e-13,

1,16
4.66268294002791207e-06,4.55465097983644363e+00,4.05856671200126931e-02,0.00000000000000000e+00,5.62237845390707627e+06,3.30273796602887288e+06,2.87280942500968580e+05,4.66268290210061679e-06,6.13601142006408812e-08,4.66268294002791368e-36,4.66268294002791368e-36,4.66268294002791368e-36,4.66268294002791368e-36,4.66268294002791368e-36,4.66268294002791368e-36,4.66268290212187563e-06,

