1
1
16
0
(1 0
((0,0) (31,255) (0,0))
)
1
FabOnDisk: Cell_D_00000 0

1,16
2.17477400939220576e-08,-1.62870147452751344e-16,-3.58924836378234080e-01,0.00000000000000000e+00,7.25530386292816547e+04,7.25530386292816547e+04,3.48348348348348338e+02,2.17477444435415783e-11,1.67000000000000003e-36,2.17477400939220731e-38,2.17477400939220731e-38,2.17477400939220731e-38,2.17477400939220731e-38,2.17477400939220731e-38,2.17477400939220731e-38,7.15763517137239016e-13,

1,16
4.92870614107589422e-06,5.83676533930910679e+00,7.42250296138478455e-02,0.00000000000000000e+00,8.14088157331123482e+06,4.63709718897499889e+06,3.27471189161516842e+05,4.92870575412246174e-06,9.52948508065227156e-08,4.92870614107589644e-36,4.92870614107589644e-36,4.92870614107589644e-36,4.92870614107589644e-36,4.92870614107589644e-36,4.92870614107589644e-36,4.92870575433649595e-06,

