1
1
16
0
(1 0
((0,0) (31,127) (0,0))
)
1
FabOnDisk: Cell_D_00000 0

1,16
1.10947946019731716e-08,-4.61216147176436800e-16,-1.18742353682862414e-01,0.00000000000000000e+00,7.25530386292816402e+04,7.25530386292816402e+04,3.48348348348348225e+02,1.10947979086349266e-11,1.67000000000000036e-36,1.10947946019731783e-38,1.10947946019731783e-38,1.10947946019731783e-38,1.10947946019731783e-38,1.10947946019731783e-38,1.10947946019731783e-38,3.65179197150124145e-13,

1,16
4.59581996160641036e-06,2.96872039987937164e+00,2.35469088263431381e-02,0.00000000000000000e+00,2.44267720106321434e+06,1.48361156834916165e+06,2.05110995677271218e+05,4.59581996160367106e-06,3.76713213815318695e-08,4.59581996160641857e-36,4.59581996160641857e-36,4.59581996160641857e-36,4.59581996160641857e-36,4.59581996160641857e-36,4.59581996160641857e-36,4.59581996160367190e-06,

