1
1
16
0
(1 0
((0,0) (39,255) (0,0))
)
1
FabOnDisk: Cell_D_00000 0

1,16
1.71900394341239628e-08,-3.11274055955463561e-18,-2.79616556856972398e-01,0.00000000000000000e+00,7.25530386292816547e+04,7.25530386292816547e+04,3.48348348348348338e+02,1.71900398604916289e-11,1.67000000000000036e-36,1.71900394341239938e-38,1.71900394341239938e-38,1.71900394341239938e-38,1.71900394341239938e-38,1.71900394341239938e-38,1.71900394341239938e-38,5.65884834197215412e-13,

1,16
5.06037468860762962e-06,4.96443886341390161e+00,5.67149386044366946e-02,0.00000000000000000e+00,5.71526519642989151e+06,3.25442069589407742e+06,2.80248319354324136e+05,5.06037467912933687e-06,7.80995087913301878e-08,5.06037468860763396e-36,5.06037468860763396e-36,5.06037468860763396e-36,5.06037468860763396e-36,5.06037468860763396e-36,5.06037468860763396e-36,5.06037467913448683e-06,

