1
1
16
0
(2 0
((0,0) (39,255) (0,0))
((0,256) (39,511) (0,0))
)
2
FabOnDisk: Cell_D_00000 0
FabOnDisk: Cell_D_00000 1310804

2,16
3.25674147432698720e-08,-1.08631980332395620e-17,-5.35070091421434468e-01,0.00000000000000000e+00,7.25530386292816547e+04,7.25530386292816547e+04,3.48348348348348338e+02,3.25674204517431402e-11,1.67000000000000036e-36,3.25674147432699050e-38,3.25674147432699050e-38,3.25674147432699050e-38,3.25674147432699050e-38,3.25674147432699050e-38,3.25674147432699050e-38,1.07180533111530404e-12,
3.29836960812731836e-08,1.64341561854887118e-17,0.00000000000000000e+00,0.00000000000000000e+00,7.25530386292816547e+04,7.25530386292816547e+04,3.48348348348348338e+02,3.29837018589641708e-11,1.67000000000000036e-36,3.29836960812732003e-38,3.29836960812732003e-38,3.29836960812732003e-38,3.29836960812732003e-38,3.29836960812732003e-38,3.29836960812732003e-38,1.08550517397964296e-12,

2,16
4.76926138562602280e-06,7.73754209584188679e+00,9.28093085983182631e-02,0.00000000000000000e+00,1.54969371183252204e+07,8.89086022321663797e+06,4.31982794899066968e+05,4.76919995501086400e-06,1.60204912884861435e-07,4.76926138562602300e-36,4.76926138562602300e-36,4.76926138562602300e-36,4.76926138562602300e-36,4.76926138562602300e-36,4.76926138562602300e-36,4.76919999413102561e-06,
4.46091693722701231e-06,7.50070722771600096e+00,0.00000000000000000e+00,0.00000000000000000e+00,1.49885994715794437e+07,8.64374604373421334e+06,4.28486656341284397e+05,4.46089999692757257e-06,1.11722816503387877e-07,4.46091693722701324e-36,4.46091693722701324e-36,4.46091693722701324e-36,4.46091693722701324e-36,4.46091693722701324e-36,4.46091693722701324e-36,4.46090000623445549e-06,

