1
1
16
0
(1 0
((0,0) (31,127) (0,0))
)
1
FabOnDisk: Cell_D_00000 0

1,16
1.13832000896233842e-08,-4.06544923167264846e-16,-1.56220944185411853e-01,0.00000000000000000e+00,7.25530386292816402e+04,7.25530386292816402e+04,3.48348348348348225e+02,1.13832036026013197e-11,1.67000000000000036e-36,1.13832000896233837e-38,1.13832000896233837e-38,1.13832000896233837e-38,1.13832000896233837e-38,1.13832000896233837e-38,1.13832000896233837e-38,3.74671612229113526e-13,

1,16
4.91864613729524326e-06,3.24642668895937003e+00,2.97680376825260121e-02,0.00000000000000000e+00,2.66349156530938996e+06,1.57770690444311523e+06,2.08494998385529354e+05,4.91864613729431661e-06,3.82307587464292185e-08,4.91864613729524741e-36,4.91864613729524741e-36,4.91864613729524741e-36,4.91864613729524741e-36,4.91864613729524741e-36,4.91864613729524741e-36,4.91864613729431661e-06,

