1
1
16
0
(1 0
((0,0) (31,63) (0,0))
)
1
FabOnDisk: Cell_D_00000 0

1,16
1.46595112413466526e-08,-3.82615035908270903e-17,-9.43479937261577639e-02,0.00000000000000000e+00,7.25530386292816402e+04,7.25530386292816402e+04,3.48348348348348338e+02,1.46946342088386021e-11,1.67000000000000003e-36,1.46595112413466629e-38,1.46595112413466629e-38,1.46595112413466629e-38,1.46595112413466629e-38,1.46595112413466629e-38,1.46595112413466629e-38,5.20869831468031445e-13,

1,16
3.72824489370226258e-06,2.81197010878292586e+00,8.90700477475982709e-03,0.00000000000000000e+00,2.94346503217642754e+06,1.87125463567497884e+06,2.32832400715785625e+05,3.72824487435303368e-06,4.26022979792332359e-08,3.72824489370226505e-36,3.72824489370226505e-36,3.72824489370226505e-36,3.72824489370226505e-36,3.72824489370226505e-36,3.72824489370226505e-36,3.72824487436419503e-06,

