1
1
16
0
(1 0
((0,0) (31,255) (0,0))
)
1
FabOnDisk: Cell_D_00000 0

1,16
1.99443458762068768e-08,-6.16596590455698443e-16,-3.33897982845396291e-01,0.00000000000000000e+00,7.25530386292816402e+04,7.25530386292816402e+04,3.48348348348348225e+02,1.99443497660872474e-11,1.67000000000000036e-36,1.99443458762069018e-38,1.99443458762069018e-38,1.99443458762069018e-38,1.99443458762069018e-38,1.99443458762069018e-38,1.99443458762069018e-38,6.56405690030122908e-13,

1,16
4.94844884742937517e-06,5.30851694485398795e+00,7.37819589266559966e-02,0.00000000000000000e+00,6.97497736897558253e+06,3.99481197000706242e+06,3.09208735449821630e+05,4.94844878477047119e-06,9.39074805879632113e-08,4.94844884742937634e-36,4.94844884742937634e-36,4.94844884742937634e-36,4.94844884742937634e-36,4.94844884742937634e-36,4.94844884742937634e-36,4.94844878480509366e-06,

