1
1
16
0
(1 0
((0,0) (31,127) (0,0))
)
1
FabOnDisk: Cell_D_00000 0

1,16
1.30559376828396878e-08,-2.34826781942827493e-16,-1.63479782797378181e-01,0.00000000000000000e+00,7.25530386292816402e+04,7.25530386292816402e+04,3.48348348348348225e+02,1.30559426647916794e-11,1.67000000000000036e-36,1.30559376828396910e-38,1.30559376828396910e-38,1.30559376828396910e-38,1.30559376828396910e-38,1.30559376828396910e-38,1.30559376828396910e-38,4.29733028469830068e-13,

1,16
4.74750111708477487e-06,3.48645194396445923e+00,3.71487288650488301e-02,0.00000000000000000e+00,3.13849576044562273e+06,1.85831205236703786e+06,2.27498797033353738e+05,4.74750111706224802e-06,4.32503528511424466e-08,4.74750111708477844e-36,4.74750111708477844e-36,4.74750111708477844e-36,4.74750111708477844e-36,4.74750111708477844e-36,4.74750111708477844e-36,4.74750111706226073e-06,

