1
1
16
0
(1 0
((0,0) (31,63) (0,0))
)
1
FabOnDisk: Cell_D_00000 0

1,16
1.20555550904425047e-08,-1.62760594916859975e-16,-1.04033861956317961e-01,0.00000000000000000e+00,7.25530386292816402e+04,7.25530386292816402e+04,3.48348348348348338e+02,1.20717208041740825e-11,1.67000000000000036e-36,1.20555550904425035e-38,1.20555550904425035e-38,1.20555550904425035e-38,1.20555550904425035e-38,1.20555550904425035e-38,1.20555550904425035e-38,4.14521377055049978e-13,

1,16
4.19970395242304609e-06,2.66023479782988304e+00,1.04763271501089380e-02,0.00000000000000000e+00,2.25201400729588093e+06,1.40947257344813738e+06,2.06632079354970629e+05,4.19970395240883458e-06,3.46594051456459318e-08,4.19970395242304771e-36,4.19970395242304771e-36,4.19970395242304771e-36,4.19970395242304771e-36,4.19970395242304771e-36,4.19970395242304771e-36,4.19970395240884305e-06,

