1
1
16
0
(1 0
((0,0) (31,63) (0,0))
)
1
FabOnDisk: SD_0_New_MF_D_00000 0

1,16
1.13964180799395872e-08,-2.16781492619775484e-16,-7.89201409508183682e-02,0.00000000000000000e+00,7.25530386292816402e+04,7.25530386292816402e+04,3.48348348348348338e+02,1.14086678457396653e-11,1.67000000000000036e-36,1.13964180799395948e-38,1.13964180799395948e-38,1.13964180799395948e-38,1.13964180799395948e-38,1.13964180799395948e-38,1.13964180799395948e-38,3.88547586268815891e-13,

1,16
3.99599956248274721e-06,2.47322836247049604e+00,9.10407009544357548e-03,0.00000000000000000e+00,2.10613321152905608e+06,1.33236628154228767e+06,1.99701038480395247e+05,3.99599956242470681e-06,3.19984973046346411e-08,3.99599956248275101e-36,3.99599956248275101e-36,3.99599956248275101e-36,3.99599956248275101e-36,3.99599956248275101e-36,3.99599956248275101e-36,3.99599956242473646e-06,

