1
1
16
0
(2 0
((0,0) (87,255) (0,0))
((0,256) (87,511) (0,0))
)
2
FabOnDisk: Cell_D_00000 0
FabOnDisk: Cell_D_00000 2883668

2,16
1.19159223972664815e-08,-2.42837913031057205e-04,-1.91014104396054901e-01,0.00000000000000000e+00,7.25530386292816547e+04,7.25530386292816547e+04,3.48348348348348338e+02,1.19159224119176363e-11,1.67000000000000036e-36,1.19159223972664818e-38,1.19159223972664818e-38,1.19159223972664818e-38,1.19159223972664818e-38,1.19159223972664818e-38,1.19159223972664818e-38,3.92413877834214216e-13,
1.20003227239177341e-08,2.73339645810509921e-17,-6.93656839352718176e-05,0.00000000000000000e+00,7.25530386292816547e+04,7.25530386292816547e+04,3.48348348348348338e+02,1.20003248259913354e-11,1.67000000000000036e-36,1.20003227239177363e-38,1.20003227239177363e-38,1.20003227239177363e-38,1.20003227239177363e-38,1.20003227239177363e-38,1.20003227239177363e-38,3.94934890684796222e-13,

2,16
5.15616572220187657e-06,3.74411834763801998e+00,5.21273491557156521e-02,0.00000000000000000e+00,3.24310177529778704e+06,1.87506748195709963e+06,2.20146792639884807e+05,5.15616572219811575e-06,5.80144457554043033e-08,5.15616572220188484e-36,5.15616572220188484e-36,5.15616572220188484e-36,5.15616572220188484e-36,5.15616572220188484e-36,5.15616572220188484e-36,5.15616572219812252e-06,
5.02033714596784313e-06,3.66348068000891303e+00,2.36968401734668930e-09,0.00000000000000000e+00,3.16867720387408603e+06,1.83163772421679064e+06,2.18437492831507523e+05,5.02033714596689445e-06,4.19998652578710733e-08,5.02033714596784673e-36,5.02033714596784673e-36,5.02033714596784673e-36,5.02033714596784673e-36,5.02033714596784673e-36,5.02033714596784673e-36,5.02033714596689276e-06,

