1
1
16
0
(1 0
((0,0) (31,63) (0,0))
)
1
FabOnDisk: Cell_D_00000 0

1,16
3.02090170402503950e-08,-3.54594732805569800e-36,-1.77077081478701631e-01,0.00000000000000000e+00,7.25530386292816402e+04,7.25530386292816402e+04,3.48348348348348338e+02,3.11404775354753494e-11,1.67000000000000003e-36,3.02090170402504067e-38,3.02090170402504067e-38,3.02090170402504067e-38,3.02090170402504067e-38,3.02090170402504067e-38,3.02090170402504067e-38,1.95744910289214229e-12,

1,16
3.27465544738025344e-06,3.67466429423265417e+00,1.45632136066825742e-02,0.00000000000000000e+00,6.32367895807881746e+06,4.26191125572576188e+06,3.51426471422784787e+05,3.27463891223339111e-06,7.67498293711235261e-08,3.27465544738025409e-36,3.27465544738025409e-36,3.27465544738025409e-36,3.27465544738025409e-36,3.27465544738025409e-36,3.27465544738025409e-36,3.27463892150980881e-06,

