1
1
16
0
(2 0
((0,0) (63,255) (0,0))
((0,256) (63,511) (0,0))
)
2
FabOnDisk: Cell_D_00000 0
FabOnDisk: Cell_D_00000 2097236

2,16
1.84076809722214711e-08,-1.21825533997967610e-04,-3.15376860739078224e-01,0.00000000000000000e+00,7.25530386292816547e+04,7.25530386292816547e+04,3.48348348348348338e+02,1.84076809800142371e-11,1.67000000000000036e-36,1.84076809722215010e-38,1.84076809722215010e-38,1.84076809722215010e-38,1.84076809722215010e-38,1.84076809722215010e-38,1.84076809722215010e-38,6.05953497107679138e-13,
1.85479655721427315e-08,5.75163214569623192e-20,-1.09549968525731990e-16,0.00000000000000000e+00,7.25530386292816547e+04,7.25530386292816547e+04,3.48348348348348338e+02,1.85479688211544174e-11,1.67000000000000036e-36,1.85479655721427543e-38,1.85479655721427543e-38,1.85479655721427543e-38,1.85479655721427543e-38,1.85479655721427543e-38,1.85479655721427543e-38,6.10420146539867373e-13,

2,16
5.04319575383437192e-06,5.29090608095779569e+00,7.31084934189521612e-02,0.00000000000000000e+00,6.47546380478231329e+06,3.68009178184445854e+06,2.94259061585051822e+05,5.04319571697505052e-06,9.04550839539884146e-08,5.04319575383437501e-36,5.04319575383437501e-36,5.04319575383437501e-36,5.04319575383437501e-36,5.04319575383437501e-36,5.04319575383437501e-36,5.04319571699537676e-06,
4.88932401202824791e-06,5.16579621957106028e+00,1.25889880522819618e-16,0.00000000000000000e+00,6.32145272336669173e+06,3.59071292790376861e+06,2.91923243863956828e+05,4.88932400231853560e-06,6.44365121419776640e-08,4.88932401202824951e-36,4.88932401202824951e-36,4.88932401202824951e-36,4.88932401202824951e-36,4.88932401202824951e-36,4.88932401202824951e-36,4.88932400232386767e-06,

