1
1
16
0
(1 0
((0,0) (15,127) (0,0))
)
1
FabOnDisk: Cell_D_00000 0

1,16
6.36822689933511062e-08,-6.60566237166709557e-23,-4.98240117073495692e-01,0.00000000000000000e+00,7.25530386292816547e+04,7.25530386292816547e+04,3.48348348348348338e+02,6.37227263895935874e-11,1.67000000000000036e-36,6.36822689933511355e-38,6.36822689933511355e-38,6.36822689933511355e-38,6.36822689933511355e-38,6.36822689933511355e-38,6.36822689933511355e-38,2.14934508480981469e-12,

1,16
3.33356312205784430e-06,7.58052309889247944e+00,8.62577326378834164e-03,0.00000000000000000e+00,2.54106903271465413e+07,1.67916347281259969e+07,6.27571268234111136e+05,3.32933032629830186e-06,2.16735083127144355e-07,3.33356312205784499e-36,3.33356312205784499e-36,3.33356312205784499e-36,3.33356312205784499e-36,3.33356312205784499e-36,3.33356312205784499e-36,3.32933252562309371e-06,

