1
1
16
0
(2 0
((0,0) (79,255) (0,0))
((0,256) (79,511) (0,0))
)
2
FabOnDisk: Cell_D_00000 0
FabOnDisk: Cell_D_00000 2621524

2,16
1.28373188977884203e-08,-2.44227626641622454e-04,-2.10810465418542231e-01,0.00000000000000000e+00,7.25530386292816547e+04,7.25530386292816547e+04,3.48348348348348338e+02,1.28373189127807994e-11,1.67000000000000036e-36,1.28373188977884220e-38,1.28373188977884220e-38,1.28373188977884220e-38,1.28373188977884220e-38,1.28373188977884220e-38,1.28373188977884220e-38,4.22828906810474694e-13,
1.29362609314846345e-08,4.54392999689980845e-16,-2.24283589965628163e-05,0.00000000000000000e+00,7.25530386292818439e+04,7.25530386292818439e+04,3.48348348348348736e+02,1.29362631975047425e-11,1.67000000000000337e-36,1.29362609314846344e-38,1.29362609314846344e-38,1.29362609314846344e-38,1.29362609314846344e-38,1.29362609314846344e-38,1.29362609314846344e-38,4.25736950112451951e-13,

2,16
5.17057039510740077e-06,3.98316812674829723e+00,5.62252373555699181e-02,0.00000000000000000e+00,3.65707652884260239e+06,2.10499810952526238e+06,2.31380158424225170e+05,5.17057039509738546e-06,6.14103486520205754e-08,5.17057039510740699e-36,5.17057039510740699e-36,5.17057039510740699e-36,5.17057039510740699e-36,5.17057039510740699e-36,5.17057039510740699e-36,5.17057039509738715e-06,
5.03895930050985000e-06,3.89464634574790169e+00,8.33135437450360140e-10,0.00000000000000000e+00,3.57311342828597780e+06,2.05522347313826741e+06,2.29607351254356385e+05,5.03895930050250538e-06,4.52011262647880077e-08,5.03895930050985181e-36,5.03895930050985181e-36,5.03895930050985181e-36,5.03895930050985181e-36,5.03895930050985181e-36,5.03895930050985181e-36,5.03895930050251046e-06,

