1
1
16
0
(1 0
((0,0) (31,63) (0,0))
)
1
FabOnDisk: Cell_D_00000 0

1,16
2.58544491231061459e-08,-2.40559952096652878e-17,-1.32856616771428987e-01,0.00000000000000000e+00,7.25530386292816402e+04,7.25530386292816402e+04,3.48348348348348338e+02,2.61733608750682206e-11,1.67000000000000003e-36,2.58544491231061518e-38,2.58544491231061518e-38,2.58544491231061518e-38,2.58544491231061518e-38,2.58544491231061518e-38,2.58544491231061518e-38,1.18633716986824676e-12,

1,16
3.13591949393346864e-06,3.73540652334001244e+00,1.08326154938927516e-02,0.00000000000000000e+00,6.37440991007070709e+06,4.14956192290562252e+06,3.25610250396765070e+05,3.13584622728093350e-06,6.09544861314803787e-08,3.13591949393346947e-36,3.13591949393346947e-36,3.13591949393346947e-36,3.13591949393346947e-36,3.13591949393346947e-36,3.13591949393346947e-36,3.13584632192358642e-06,

