1
1
16
0
(2 0
((0,0) (79,255) (0,0))
((0,256) (79,511) (0,0))
)
2
FabOnDisk: Cell_D_00000 0
FabOnDisk: Cell_D_00000 2621524

2,16
1.33149166074292519e-08,-2.52567338916314754e-04,-2.18931199341370869e-01,0.00000000000000000e+00,7.25530386292816547e+04,7.25530386292816547e+04,3.48348348348348338e+02,1.33149166228489516e-11,1.67000000000000036e-36,1.33149166074292536e-38,1.33149166074292536e-38,1.33149166074292536e-38,1.33149166074292536e-38,1.33149166074292536e-38,1.33149166074292536e-38,4.38623775572043216e-13,
1.34103656768317974e-08,-4.89686007993716910e-17,-1.01587395365054763e-05,0.00000000000000000e+00,7.25530386292816547e+04,7.25530386292816547e+04,3.48348348348348338e+02,1.34103680258999261e-11,1.67000000000000036e-36,1.34103656768318019e-38,1.34103656768318019e-38,1.34103656768318019e-38,1.34103656768318019e-38,1.34103656768318019e-38,1.34103656768318019e-38,4.41339905973266900e-13,

2,16
5.16859199275088255e-06,4.12596983893565028e+00,5.81110469330350238e-02,0.00000000000000000e+00,3.88737482991194399e+06,2.22797464779465692e+06,2.37091349933547928e+05,5.16859199269701379e-06,6.54315383411309570e-08,5.16859199275089019e-36,5.16859199275089019e-36,5.16859199275089019e-36,5.16859199275089019e-36,5.16859199275089019e-36,5.16859199275089019e-36,5.16859199269704259e-06,
5.02686068061452217e-06,4.03535805487869670e+00,3.72564378205853445e-10,0.00000000000000000e+00,3.79568612159609469e+06,2.17597596194594959e+06,2.35171246602735511e+05,5.02686068057484376e-06,4.68932705198138182e-08,5.02686068061453002e-36,5.02686068061453002e-36,5.02686068061453002e-36,5.02686068061453002e-36,5.02686068061453002e-36,5.02686068061453002e-36,5.02686068057487087e-06,

