1
1
16
0
(1 0
((0,0) (23,127) (0,0))
)
1
FabOnDisk: Cell_D_00000 0

1,16
2.03838898682829261e-08,-3.21401587493064647e-16,-2.73178024185258217e-01,0.00000000000000000e+00,7.25530386292816547e+04,7.25530386292816547e+04,3.48348348348348338e+02,2.03839533854962791e-11,1.67000000000000036e-36,2.03838898682829504e-38,2.03838898682829504e-38,2.03838898682829504e-38,2.03838898682829504e-38,2.03838898682829504e-38,2.03838898682829504e-38,6.71109950418837659e-13,

1,16
4.62612254055757265e-06,4.96353970842224346e+00,4.56034286073941503e-02,0.00000000000000000e+00,6.45993375276189391e+06,3.78314979260860104e+06,3.02136765445796947e+05,4.62612230594609300e-06,6.49418245971883738e-08,4.62612254055757285e-36,4.62612254055757285e-36,4.62612254055757285e-36,4.62612254055757285e-36,4.62612254055757285e-36,4.62612254055757285e-36,4.62612230607656657e-06,

