1
1
16
0
(1 0
((0,0) (31,255) (0,0))
)
1
FabOnDisk: Cell_D_00000 0

1,16
2.40083437739937089e-08,-9.65605895344728027e-35,-3.73068657290350714e-01,0.00000000000000000e+00,7.25530386292816547e+04,7.25530386292816547e+04,3.48348348348348338e+02,2.40083487435670273e-11,1.67000000000000036e-36,2.40083437739937166e-38,2.40083437739937166e-38,2.40083437739937166e-38,2.40083437739937166e-38,2.40083437739937166e-38,2.40083437739937166e-38,7.90170999197315754e-13,

1,16
4.79232150336309721e-06,6.19661763869886961e+00,7.13076256968246530e-02,0.00000000000000000e+00,9.52041192797168717e+06,5.43634643314422667e+06,3.49797236859740573e+05,4.79231935388119808e-06,1.05081565730722404e-07,4.79232150336309921e-36,4.79232150336309921e-36,4.79232150336309921e-36,4.79232150336309921e-36,4.79232150336309921e-36,4.79232150336309921e-36,4.79231935504438946e-06,

