1
1
16
0
(1 0
((0,0) (39,255) (0,0))
)
1
FabOnDisk: Cell_D_00000 0

1,16
1.39672941567725931e-08,-2.98697160488874441e-17,-2.13394144854859247e-01,0.00000000000000000e+00,7.25530386292816547e+04,7.25530386292816547e+04,3.48348348348348338e+02,1.39672942851344012e-11,1.67000000000000036e-36,1.39672941567726087e-38,1.39672941567726087e-38,1.39672941567726087e-38,1.39672941567726087e-38,1.39672941567726087e-38,1.39672941567726087e-38,4.60135770819063537e-13,

1,16
5.00363746915197901e-06,4.12110540001407522e+00,5.37425796965799243e-02,0.00000000000000000e+00,3.99051508891277388e+06,2.31748695288913697e+06,2.44301820970697911e+05,5.00363746905744251e-06,6.48906772583610910e-08,5.00363746915198068e-36,5.00363746915198068e-36,5.00363746915198068e-36,5.00363746915198068e-36,5.00363746915198068e-36,5.00363746915198068e-36,5.00363746905749333e-06,

