1
1
16
0
(2 0
((0,0) (71,255) (0,0))
((0,256) (71,511) (0,0))
)
2
FabOnDisk: Cell_D_00000 0
FabOnDisk: Cell_D_00000 2359380

2,16
1.45538451767278205e-08,-2.09153169628744138e-04,-2.40277552946856515e-01,0.00000000000000000e+00,7.25530386292816547e+04,7.25530386292816547e+04,3.48348348348348338e+02,1.45538451942716231e-11,1.67000000000000036e-36,1.45538451767278381e-38,1.45538451767278381e-38,1.45538451767278381e-38,1.45538451767278381e-38,1.45538451767278381e-38,1.45538451767278381e-38,4.79436304306517354e-13,
1.46588993242716068e-08,5.17878444264798212e-15,-3.29969484281235443e-07,0.00000000000000000e+00,7.25530386292834301e+04,7.25530386292834301e+04,3.48348348348351806e+02,1.46589018920429946e-11,1.67000000000002475e-36,1.46588993242716167e-38,1.46588993242716167e-38,1.46588993242716167e-38,1.46588993242716167e-38,1.46588993242716167e-38,1.46588993242716167e-38,4.82429592551875091e-13,

2,16
5.16887479806983874e-06,4.43969407135745087e+00,6.16440587672353879e-02,0.00000000000000000e+00,4.47721317841954529e+06,2.55172891423300607e+06,2.51590732582385739e+05,5.16887479773872425e-06,7.34203727359991878e-08,5.16887479806984960e-36,5.16887479806984960e-36,5.16887479806984960e-36,5.16887479806984960e-36,5.16887479806984960e-36,5.16887479806984960e-36,5.16887479773890805e-06,
5.02613158860846512e-06,4.34334213872093411e+00,5.21292009272927655e-11,0.00000000000000000e+00,4.37046821577204298e+06,2.49381411296812166e+06,2.49539544243152923e+05,5.02613158836612900e-06,5.11400863957789116e-08,5.02613158860846833e-36,5.02613158860846833e-36,5.02613158860846833e-36,5.02613158860846833e-36,5.02613158860846833e-36,5.02613158860846833e-36,5.02613158836626113e-06,

