1
1
16
0
(1 0
((0,0) (23,255) (0,0))
)
1
FabOnDisk: Cell_D_00000 0

1,16
4.12504721173462310e-08,-6.60566237166646198e-23,-6.32981293486201246e-01,0.00000000000000000e+00,7.25530386292816402e+04,7.25530386292816402e+04,3.48348348348348225e+02,4.12504759274522244e-11,1.67000000000000036e-36,4.12504721173462494e-38,4.12504721173462494e-38,4.12504721173462494e-38,4.12504721173462494e-38,4.12504721173462494e-38,4.12504721173462494e-38,1.35765460964139771e-12,

1,16
4.29732354311630343e-06,8.19783988234641647e+00,4.55627464440115232e-02,0.00000000000000000e+00,2.00851371367706209e+07,1.18758114378099702e+07,4.98113661284359754e+05,4.29708424427250736e-06,1.75257206455296778e-07,4.29732354311630464e-36,4.29732354311630464e-36,4.29732354311630464e-36,4.29732354311630464e-36,4.29732354311630464e-36,4.29732354311630464e-36,4.29708442545471741e-06,

