1
1
16
0
(1 0
((0,0) (15,127) (0,0))
)
1
FabOnDisk: Cell_D_00000 0

1,16
4.23790203977298045e-08,-6.60566237166581311e-23,-3.64153018178147603e-01,0.00000000000000000e+00,7.25530386292816402e+04,7.25530386292816402e+04,3.48348348348348338e+02,4.23827745304998768e-11,1.67000000000000003e-36,4.23790203977298351e-38,4.23790203977298351e-38,4.23790203977298351e-38,4.23790203977298351e-38,4.23790203977298351e-38,4.23790203977298351e-38,1.40108782906348659e-12,

1,16
3.70827041436306137e-06,6.14288286512851833e+00,1.77243840508124299e-02,0.00000000000000000e+00,1.42349816545172688e+07,9.57225765416796692e+06,4.81838419114541903e+05,3.70806971040416954e-06,1.31179736056435750e-07,3.70827041436306294e-36,3.70827041436306294e-36,3.70827041436306294e-36,3.70827041436306294e-36,3.70827041436306294e-36,3.70827041436306294e-36,3.70806982349845393e-06,

