1
1
16
0
(2 0
((0,0) (87,255) (0,0))
((0,256) (87,511) (0,0))
)
2
FabOnDisk: Cell_D_00000 0
FabOnDisk: Cell_D_00000 2883668

2,16
1.15518762727282192e-08,-2.66368765136280135e-04,-1.83836540485504907e-01,0.00000000000000000e+00,7.25530386292816547e+04,7.25530386292816547e+04,3.48348348348348338e+02,1.15518762875416298e-11,1.67000000000000036e-36,1.15518762727282228e-38,1.15518762727282228e-38,1.15518762727282228e-38,1.15518762727282228e-38,1.15518762727282228e-38,1.15518762727282228e-38,3.80421833831858647e-13,
1.16348228696560135e-08,-3.32298747087970048e-17,-9.63336253671556438e-05,0.00000000000000000e+00,7.25530386292816547e+04,7.25530386292816547e+04,3.48348348348348338e+02,1.16348249077057087e-11,1.67000000000000036e-36,1.16348228696560164e-38,1.16348228696560164e-38,1.16348228696560164e-38,1.16348228696560164e-38,1.16348228696560164e-38,1.16348228696560164e-38,3.82906160432362334e-13,

2,16
5.16269578831581295e-06,3.63139902655967983e+00,5.04411459598195847e-02,0.00000000000000000e+00,3.07594282001378294e+06,1.78500361350617069e+06,2.15622140191339800e+05,5.16269578831518869e-06,5.64789957661684265e-08,5.16269578831581748e-36,5.16269578831581748e-36,5.16269578831581748e-36,5.16269578831581748e-36,5.16269578831581748e-36,5.16269578831581748e-36,5.16269578831518954e-06,
5.03755470315618818e-06,3.55424813404331408e+00,3.54009449514490652e-09,0.00000000000000000e+00,3.00758946757596871e+06,1.74427977914368454e+06,2.14003000275264261e+05,5.03755470315572909e-06,4.06336706554470110e-08,5.03755470315619495e-36,5.03755470315619495e-36,5.03755470315619495e-36,5.03755470315619495e-36,5.03755470315619495e-36,5.03755470315619495e-36,5.03755470315572909e-06,

