1
1
16
0
(1 0
((0,0) (31,63) (0,0))
)
1
FabOnDisk: Cell_D_00000 0

1,16
1.39657136892413238e-08,-3.55340961967774747e-17,-1.07410778858074540e-01,0.00000000000000000e+00,7.25530386292816402e+04,7.25530386292816402e+04,3.48348348348348338e+02,1.39952636182259485e-11,1.67000000000000036e-36,1.39657136892413299e-38,1.39657136892413299e-38,1.39657136892413299e-38,1.39657136892413299e-38,1.39657136892413299e-38,1.39657136892413299e-38,4.91974079062250265e-13,

1,16
3.82290311432209310e-06,2.51296513637144603e+00,1.54636022487752555e-02,0.00000000000000000e+00,2.35504258343638899e+06,1.52910041490049707e+06,2.26021152133407246e+05,3.82290311417284844e-06,4.07410496235236633e-08,3.82290311432209475e-36,3.82290311432209475e-36,3.82290311432209475e-36,3.82290311432209475e-36,3.82290311432209475e-36,3.82290311432209475e-36,3.82290311417292890e-06,

