1
1
16
0
(1 0
((0,0) (31,255) (0,0))
)
1
FabOnDisk: Cell_D_00000 0

1,16
2.75635922120647504e-08,-1.14090686026230844e-35,-4.45648287086820027e-01,0.00000000000000000e+00,7.25530386292816402e+04,7.25530386292816402e+04,3.48348348348348225e+02,2.75635983464375214e-11,1.67000000000000036e-36,2.75635922120647533e-38,2.75635922120647533e-38,2.75635922120647533e-38,2.75635922120647533e-38,2.75635922120647533e-38,2.75635922120647533e-38,9.07196910066404090e-13,

1,16
4.76427969706938873e-06,6.69387333311300825e+00,7.01658634943653353e-02,0.00000000000000000e+00,1.12381490951763913e+07,6.48482407983242441e+06,3.83324207542623742e+05,4.76427326244071554e-06,1.23291949644784287e-07,4.76427969706939024e-36,4.76427969706939024e-36,4.76427969706939024e-36,4.76427969706939024e-36,4.76427969706939024e-36,4.76427969706939024e-36,4.76427326590796105e-06,

