1
1
16
0
(2 0
((0,0) (79,255) (0,0))
((0,256) (79,511) (0,0))
)
2
FabOnDisk: Cell_D_00000 0
FabOnDisk: Cell_D_00000 2621524

2,16
1.23984464925557480e-08,-2.73858569727499748e-04,-2.01566547430039184e-01,0.00000000000000000e+00,7.25530386294373602e+04,7.25530386294373602e+04,3.48348348348647278e+02,1.23984465072764077e-11,1.67000000000215160e-36,1.23984464925557482e-38,1.23984464925557482e-38,1.23984464925557482e-38,1.23984464925557482e-38,1.23984464925557482e-38,1.23984464925557482e-38,4.08333671046433251e-13,
1.24973856060880508e-08,7.21505192335006793e-11,-4.03046728271459729e-05,0.00000000000000000e+00,7.25530386529172101e+04,7.25530386529172101e+04,3.48348348393740935e+02,1.24973877952312083e-11,1.67000000032648024e-36,1.24973856060880523e-38,1.24973856060880523e-38,1.24973856060880523e-38,1.24973856060880523e-38,1.24973856060880523e-38,1.24973856060880523e-38,4.11293406997207439e-13,

2,16
5.18777621952749394e-06,3.87281926522046360e+00,5.37221047401660462e-02,0.00000000000000000e+00,3.43842714923814405e+06,1.98662906326242513e+06,2.26066031665304006e+05,5.18777621952231856e-06,6.00263654411637812e-08,5.18777621952749919e-36,5.18777621952749919e-36,5.18777621952749919e-36,5.18777621952749919e-36,5.18777621952749919e-36,5.18777621952749919e-36,5.18777621952232704e-06,
5.06070951510883398e-06,3.78019406021825377e+00,1.27784404326945537e-09,0.00000000000000000e+00,3.35782763323699962e+06,1.94083975083040050e+06,2.24401357529727189e+05,5.06070951510503081e-06,4.34687948056751781e-08,5.06070951510883664e-36,5.06070951510883664e-36,5.06070951510883664e-36,5.06070951510883664e-36,5.06070951510883664e-36,5.06070951510883664e-36,5.06070951510503250e-06,

