1
1
16
0
(1 0
((0,0) (47,255) (0,0))
)
1
FabOnDisk: Cell_D_00000 0

1,16
1.12307981677138751e-08,-4.15425438439801305e-06,-1.67051374093510951e-01,0.00000000000000000e+00,7.25530386292816547e+04,7.25530386292816547e+04,3.48348348348348225e+02,1.12307981993634069e-11,1.67000000000000036e-36,1.12307981677138799e-38,1.12307981677138799e-38,1.12307981677138799e-38,1.12307981677138799e-38,1.12307981677138799e-38,1.12307981677138799e-38,3.70654643203584092e-13,

1,16
5.01267775497653398e-06,3.44440004350095519e+00,4.54982824232810987e-02,0.00000000000000000e+00,2.83663888807864394e+06,1.65324986980851740e+06,2.11326975274718745e+05,5.01267775497610115e-06,4.92208147389176964e-08,5.01267775497653693e-36,5.01267775497653693e-36,5.01267775497653693e-36,5.01267775497653693e-36,5.01267775497653693e-36,5.01267775497653693e-36,5.01267775497609946e-06,

