1
1
16
0
(1 0
((0,0) (31,63) (0,0))
)
1
FabOnDisk: Cell_D_00000 0

1,16
2.11779509900673446e-08,-1.55506256648313911e-16,-1.69704472811662510e-01,0.00000000000000000e+00,7.25530386292816402e+04,7.25530386292816402e+04,3.48348348348348338e+02,2.12983812634592216e-11,1.67000000000000003e-36,2.11779509900673696e-38,2.11779509900673696e-38,2.11779509900673696e-38,2.11779509900673696e-38,2.11779509900673696e-38,2.11779509900673696e-38,8.26426704788721188e-13,

1,16
3.76805877039336858e-06,3.84887940337812173e+00,1.26227564930667495e-02,0.00000000000000000e+00,5.28388666719574574e+06,3.29867064225939708e+06,2.91272407477223547e+05,3.76805597394116736e-06,5.11948910828883193e-08,3.76805877039337031e-36,3.76805877039337031e-36,3.76805877039337031e-36,3.76805877039337031e-36,3.76805877039337031e-36,3.76805877039337031e-36,3.76805597540599903e-06,

