1
1
16
0
(2 0
((0,0) (7,255) (0,0))
((0,256) (7,511) (0,0))
)
2
FabOnDisk: Cell_D_00000 0
FabOnDisk: Cell_D_00000 262227

2,16
1.67000000000000010e-06,0.00000000000000000e+00,0.00000000000000000e+00,0.00000000000000000e+00,7.25530386292816547e+04,7.25530386292816547e+04,3.48348348348348338e+02,1.67000000000000023e-09,1.67000000000000036e-36,1.67000000000000036e-36,1.67000000000000036e-36,1.67000000000000036e-36,1.67000000000000036e-36,1.67000000000000036e-36,1.67000000000000036e-36,5.49420308351922981e-11,
1.67000000000000010e-06,0.00000000000000000e+00,0.00000000000000000e+00,0.00000000000000000e+00,7.25530386292816547e+04,7.25530386292816547e+04,3.48348348348348338e+02,1.67000000000000023e-09,1.67000000000000036e-36,1.67000000000000036e-36,1.67000000000000036e-36,1.67000000000000036e-36,1.67000000000000036e-36,1.67000000000000036e-36,1.67000000000000036e-36,5.49420308351922981e-11,

2,16
1.67000000000000010e-06,0.00000000000000000e+00,0.00000000000000000e+00,0.00000000000000000e+00,2.20309313464360619e+09,2.20309313464360619e+09,5.29149283821377996e+06,1.67000000000000010e-06,1.66833000000000017e-06,1.67000000000000036e-36,1.67000000000000036e-36,1.67000000000000036e-36,1.67000000000000036e-36,1.67000000000000036e-36,1.67000000000000036e-36,1.67000000000000010e-06,
1.67000000000000010e-06,0.00000000000000000e+00,0.00000000000000000e+00,0.00000000000000000e+00,2.20309313464360619e+09,2.20309313464360619e+09,5.29149283821377996e+06,1.67000000000000010e-06,1.66833000000000017e-06,1.67000000000000036e-36,1.67000000000000036e-36,1.67000000000000036e-36,1.67000000000000036e-36,1.67000000000000036e-36,1.67000000000000036e-36,1.67000000000000010e-06,

