1
1
16
0
(1 0
((0,0) (31,63) (0,0))
)
1
FabOnDisk: Cell_D_00000 0

1,16
1.81505662373582812e-08,-3.21824791032354185e-17,-1.50798149473743481e-01,0.00000000000000000e+00,7.25530386292816402e+04,7.25530386292816402e+04,3.48348348348348338e+02,1.82211040562694655e-11,1.67000000000000003e-36,1.81505662373583123e-38,1.81505662373583123e-38,1.81505662373583123e-38,1.81505662373583123e-38,1.81505662373583123e-38,1.81505662373583123e-38,6.73934127732039325e-13,

1,16
4.00445950048942368e-06,3.57380771061186264e+00,1.33703965153439998e-02,0.00000000000000000e+00,4.26713968282961752e+06,2.63651181733066076e+06,2.65389890384410333e+05,4.00445940154202734e-06,4.96396297499175533e-08,4.00445950048942681e-36,4.00445950048942681e-36,4.00445950048942681e-36,4.00445950048942681e-36,4.00445950048942681e-36,4.00445950048942681e-36,4.00445940159758508e-06,

