1
1
16
0
(1 0
((0,0) (31,63) (0,0))
)
1
FabOnDisk: Cell_D_00000 0

1,16
1.95241057924392092e-08,0.00000000000000000e+00,-1.25801119849783399e-01,0.00000000000000000e+00,7.25530386292816402e+04,7.25530386292816402e+04,3.48348348348348338e+02,1.96137581985487395e-11,1.67000000000000003e-36,1.95241057924392356e-38,1.95241057924392356e-38,1.95241057924392356e-38,1.95241057924392356e-38,1.95241057924392356e-38,1.95241057924392356e-38,7.39500178001677015e-13,

1,16
3.40699155580380983e-06,2.65807889112664064e+00,1.31255704753228154e-02,0.00000000000000000e+00,3.38350842690836079e+06,2.37592001062020706e+06,2.77430874085568241e+05,3.40699152231942852e-06,5.13726434254150532e-08,3.40699155580381100e-36,3.40699155580381100e-36,3.40699155580381100e-36,3.40699155580381100e-36,3.40699155580381100e-36,3.40699155580381100e-36,3.40699152233829533e-06,

