1
1
16
0
(1 0
((0,0) (31,127) (0,0))
)
1
FabOnDisk: Cell_D_00000 0

1,16
1.17242801537742469e-08,-3.27798810163172761e-16,-1.22736076693324092e-01,0.00000000000000000e+00,7.25530386292816402e+04,7.25530386292816402e+04,3.48348348348348225e+02,1.17242839271847064e-11,1.67000000000000036e-36,1.17242801537742488e-38,1.17242801537742488e-38,1.17242801537742488e-38,1.17242801537742488e-38,1.17242801537742488e-38,1.17242801537742488e-38,3.85898247736005907e-13,

1,16
4.54664125892051239e-06,3.05832913517103400e+00,2.35990719505076822e-02,0.00000000000000000e+00,2.62974067948876228e+06,1.59495748807694996e+06,2.12451610767921404e+05,4.54664125890604760e-06,3.93946268012450754e-08,4.54664125892052030e-36,4.54664125892052030e-36,4.54664125892052030e-36,4.54664125892052030e-36,4.54664125892052030e-36,4.54664125892052030e-36,4.54664125890605692e-06,

