1
1
16
0
(1 0
((0,0) (31,63) (0,0))
)
1
FabOnDisk: Cell_D_00000 0

1,16
1.16976206436805541e-08,-1.80893424201220073e-16,-1.08236204302325389e-01,0.00000000000000000e+00,7.25530386292816402e+04,7.25530386292816402e+04,3.48348348348348338e+02,1.17116032666309967e-11,1.67000000000000036e-36,1.16976206436805569e-38,1.16976206436805569e-38,1.16976206436805569e-38,1.16976206436805569e-38,1.16976206436805569e-38,1.16976206436805569e-38,4.00355256537125741e-13,

1,16
4.37667278586006436e-06,2.81871262004217060e+00,9.14287529624170821e-03,0.00000000000000000e+00,2.37671861031740811e+06,1.45922749399584066e+06,2.02886786292293022e+05,4.37667278583642113e-06,3.32306023990570080e-08,4.37667278586006808e-36,4.37667278586006808e-36,4.37667278586006808e-36,4.37667278586006808e-36,4.37667278586006808e-36,4.37667278586006808e-36,4.37667278583643468e-06,

