1
1
16
0
(1 0
((0,0) (31,63) (0,0))
)
1
FabOnDisk: Cell_D_00000 0

1,16
1.29749370468185088e-08,-1.07004378931974805e-16,-9.41206900242697181e-02,0.00000000000000000e+00,7.25530386292816402e+04,7.25530386292816402e+04,3.48348348348348338e+02,1.29972099031359052e-11,1.67000000000000036e-36,1.29749370468185079e-38,1.29749370468185079e-38,1.29749370468185079e-38,1.29749370468185079e-38,1.29749370468185079e-38,1.29749370468185079e-38,4.51443177951409363e-13,

1,16
4.07934818171061768e-06,2.85632244506515587e+00,1.09639616322208203e-02,0.00000000000000000e+00,2.65437776466390630e+06,1.65425599541399302e+06,2.16082374617393070e+05,4.07934818097516439e-06,3.79186082182371432e-08,4.07934818171062153e-36,4.07934818171062153e-36,4.07934818171062153e-36,4.07934818171062153e-36,4.07934818171062153e-36,4.07934818171062153e-36,4.07934818097554894e-06,

