1
1
16
0
(2 0
((0,0) (71,255) (0,0))
((0,256) (71,511) (0,0))
)
2
FabOnDisk: Cell_D_00000 0
FabOnDisk: Cell_D_00000 2359380

2,16
1.39510415224103696e-08,-2.68412571886194912e-04,-2.33099248963702377e-01,0.00000000000000000e+00,7.25530386327146844e+04,7.25530386327146844e+04,3.48348348354941550e+02,1.39510415385518264e-11,1.67000000004741253e-36,1.39510415224103795e-38,1.39510415224103795e-38,1.39510415224103795e-38,1.39510415224103795e-38,1.39510415224103795e-38,1.39510415224103795e-38,4.59681334649030113e-13,
1.40707365529458585e-08,1.88533440260605434e-09,-2.30600485821222164e-06,0.00000000000000000e+00,7.25530392464532051e+04,7.25530392464532051e+04,3.48348349533636849e+02,1.40707390176898904e-11,1.67003472526832832e-36,1.40707365529458611e-38,1.40707365529458611e-38,1.40707365529458611e-38,1.40707365529458611e-38,1.40707365529458611e-38,1.40707365529458611e-38,4.63072946473063075e-13,

2,16
5.15178962799346982e-06,4.27930888186207614e+00,6.05824884940890304e-02,0.00000000000000000e+00,4.19496743513706792e+06,2.39982292045991588e+06,2.44589664247051347e+05,5.15178962792632467e-06,6.92962643275854052e-08,5.15178962799347246e-36,5.15178962799347246e-36,5.15178962799347246e-36,5.15178962799347246e-36,5.15178962799347246e-36,5.15178962799347246e-36,5.15178962792636025e-06,
5.01336058787158971e-06,4.18168711291373896e+00,1.65769769862668990e-10,0.00000000000000000e+00,4.09346580325669143e+06,2.34222685760978982e+06,2.42821325598119176e+05,5.01336058782238980e-06,4.88230184320731597e-08,5.01336058787159474e-36,5.01336058787159474e-36,5.01336058787159474e-36,5.01336058787159474e-36,5.01336058787159474e-36,5.01336058787159474e-36,5.01336058782241690e-06,

