1
1
16
0
(1 0
((0,0) (31,63) (0,0))
)
1
FabOnDisk: Cell_D_00000 0

1,16
1.34484706685408392e-08,-1.12738885609545734e-16,-1.21337943554832878e-01,0.00000000000000000e+00,7.25530386292816402e+04,7.25530386292816402e+04,3.48348348348348338e+02,1.34741358091301072e-11,1.67000000000000036e-36,1.34484706685408423e-38,1.34484706685408423e-38,1.34484706685408423e-38,1.34484706685408423e-38,1.34484706685408423e-38,1.34484706685408423e-38,4.70723136274757329e-13,

1,16
4.24052290650768208e-06,3.03430057092698613e+00,1.56593439556695843e-02,0.00000000000000000e+00,2.83546466244007787e+06,1.73981686837435863e+06,2.20862486840992584e+05,4.24052290624298937e-06,3.93433340313492230e-08,4.24052290650768545e-36,4.24052290650768545e-36,4.24052290650768545e-36,4.24052290650768545e-36,4.24052290650768545e-36,4.24052290650768545e-36,4.24052290624312913e-06,

