1
1
16
0
(1 0
((0,0) (31,63) (0,0))
)
1
FabOnDisk: Cell_D_00000 0

1,16
3.68738290955015006e-08,-3.91451598158582525e-17,-2.57246212361185722e-01,0.00000000000000000e+00,7.25530386292816402e+04,7.25530386292816402e+04,3.48348348348348338e+02,4.07835899125226952e-11,1.67000000000000003e-36,3.68738290955015205e-38,3.68738290955015205e-38,3.68738290955015205e-38,3.68738290955015205e-38,3.68738290955015205e-38,3.68738290955015205e-38,5.20237285573124871e-12,

1,16
3.25444231162326842e-06,4.75861058716767804e+00,1.42487483970895855e-02,0.00000000000000000e+00,1.00153497370051239e+07,6.57142553240879625e+06,3.83124106202824623e+05,3.25383709074252322e-06,9.73304020682405752e-08,3.25444231162326883e-36,3.25444231162326883e-36,3.25444231162326883e-36,3.25444231162326883e-36,3.25444231162326883e-36,3.25444231162326883e-36,3.25383782464156993e-06,

