1
1
16
0
(1 0
((0,0) (47,255) (0,0))
)
1
FabOnDisk: Cell_D_00000 0

1,16
1.19255842208080180e-08,-3.51926747381837930e-17,-1.75825000833563783e-01,0.00000000000000000e+00,7.25530386292816547e+04,7.25530386292816547e+04,3.48348348348348338e+02,1.19255842654351981e-11,1.67000000000000036e-36,1.19255842208080198e-38,1.19255842208080198e-38,1.19255842208080198e-38,1.19255842208080198e-38,1.19255842208080198e-38,1.19255842208080198e-38,3.93847207638549417e-13,

1,16
5.02007073796614320e-06,3.60633487265136576e+00,4.56634012692576849e-02,0.00000000000000000e+00,3.10639765258342354e+06,1.82061526109180576e+06,2.19967668334148970e+05,5.02007073796428566e-06,5.34278591009284276e-08,5.02007073796614472e-36,5.02007073796614472e-36,5.02007073796614472e-36,5.02007073796614472e-36,5.02007073796614472e-36,5.02007073796614472e-36,5.02007073796428820e-06,

