1
1
16
0
(1 0
((0,0) (47,255) (0,0))
)
1
FabOnDisk: Cell_D_00000 0

1,16
1.33286059062786002e-08,-8.23490699204208255e-17,-2.15041814261643038e-01,0.00000000000000000e+00,7.25530386292816547e+04,7.25530386292816547e+04,3.48348348348348338e+02,1.33286059998924704e-11,1.67000000000000036e-36,1.33286059062786131e-38,1.33286059062786131e-38,1.33286059062786131e-38,1.33286059062786131e-38,1.33286059062786131e-38,1.33286059062786131e-38,4.39277262884304667e-13,

1,16
5.13816488948811481e-06,4.03513138920816861e+00,5.19005263551173684e-02,0.00000000000000000e+00,3.76235399572418537e+06,2.16445481823292188e+06,2.36842632731241174e+05,5.13816488945156703e-06,5.81884166712042250e-08,5.13816488948812046e-36,5.13816488948812046e-36,5.13816488948812046e-36,5.13816488948812046e-36,5.13816488948812046e-36,5.13816488948812046e-36,5.13816488945158820e-06,

