1
1
16
0
(1 0
((0,0) (7,255) (0,0))
)
1
FabOnDisk: Cell_D_00000 0

1,16
1.66999999999999989e-06,0.00000000000000000e+00,0.00000000000000000e+00,0.00000000000000000e+00,7.25530386292816402e+04,7.25530386292816402e+04,3.48348348348348281e+02,1.67000000000000002e-09,1.67000000000000003e-36,1.67000000000000003e-36,1.67000000000000003e-36,1.67000000000000003e-36,1.67000000000000003e-36,1.67000000000000003e-36,1.67000000000000003e-36,9.65561236561773368e-11,

1,16
1.67000000000000032e-06,0.00000000000000000e+00,0.00000000000000000e+00,0.00000000000000000e+00,1.37286758195709252e+09,1.37286758195709252e+09,3.29741800902893068e+06,1.67000000000000010e-06,1.66833000000000017e-06,1.67000000000000069e-36,1.67000000000000069e-36,1.67000000000000069e-36,1.67000000000000069e-36,1.67000000000000069e-36,1.67000000000000069e-36,1.67000000000000010e-06,

