1
1
16
0
(1 0
((0,0) (31,63) (0,0))
)
1
FabOnDisk: Cell_D_00000 0

1,16
1.53121285886675988e-08,-1.25808464530988539e-16,-1.43808875495489985e-01,0.00000000000000000e+00,7.25530386292816402e+04,7.25530386292816402e+04,3.48348348348348338e+02,1.53528134140417813e-11,1.67000000000000003e-36,1.53121285886676254e-38,1.53121285886676254e-38,1.53121285886676254e-38,1.53121285886676254e-38,1.53121285886676254e-38,1.53121285886676254e-38,5.48385332259490613e-13,

1,16
4.20048848544910058e-06,3.28298470804959042e+00,1.00655795022981664e-02,0.00000000000000000e+00,3.40311451976175560e+06,2.09533150269862288e+06,2.39145143676817534e+05,4.20048847839479928e-06,4.40569941278377264e-08,4.20048848544910243e-36,4.20048848544910243e-36,4.20048848544910243e-36,4.20048848544910243e-36,4.20048848544910243e-36,4.20048848544910243e-36,4.20048847839878288e-06,

