1
1
16
0
(1 0
((0,0) (31,127) (0,0))
)
1
FabOnDisk: Cell_D_00000 0

1,16
1.35511394214679671e-08,-7.69578662755586119e-17,-1.75694738131808970e-01,0.00000000000000000e+00,7.25530386292816402e+04,7.25530386292816402e+04,3.48348348348348225e+02,1.35511449539732292e-11,1.67000000000000036e-36,1.35511394214679720e-38,1.35511394214679720e-38,1.35511394214679720e-38,1.35511394214679720e-38,1.35511394214679720e-38,1.35511394214679720e-38,4.46034680631922200e-13,

1,16
4.83961027532797741e-06,3.72861518995249153e+00,3.37692085581380655e-02,0.00000000000000000e+00,3.52985708927426394e+06,2.07392722551435931e+06,2.32947461892445193e+05,4.83961027517439255e-06,4.40767837047406685e-08,4.83961027532798337e-36,4.83961027532798337e-36,4.83961027532798337e-36,4.83961027532798337e-36,4.83961027532798337e-36,4.83961027532798337e-36,4.83961027517447641e-06,

