1
1
16
0
(1 0
((0,0) (39,255) (0,0))
)
1
FabOnDisk: Cell_D_00000 0

1,16
1.61347942326892340e-08,-2.53051208440091772e-16,-2.59809261033726258e-01,0.00000000000000000e+00,7.25530386292816547e+04,7.25530386292816547e+04,3.48348348348348338e+02,1.61347945376901376e-11,1.67000000000000036e-36,1.61347942326892628e-38,1.61347942326892628e-38,1.61347942326892628e-38,1.61347942326892628e-38,1.61347942326892628e-38,1.61347942326892628e-38,5.31215388344005332e-13,

1,16
4.93205195783594176e-06,4.62545791023920216e+00,6.05032972134247130e-02,0.00000000000000000e+00,5.05957541717128363e+06,2.89061398376864521e+06,2.68760054658451001e+05,4.93205195545745546e-06,7.49527959985339422e-08,4.93205195783594324e-36,4.93205195783594324e-36,4.93205195783594324e-36,4.93205195783594324e-36,4.93205195783594324e-36,4.93205195783594324e-36,4.93205195545874041e-06,

