1
1
16
0
(1 0
((0,0) (31,63) (0,0))
)
1
FabOnDisk: Cell_D_00000 0

1,16
4.84062196797571259e-08,-1.49659216887424462e-36,-1.55900964734731196e-01,0.00000000000000000e+00,7.25530386292816402e+04,7.25530386292816402e+04,3.48348348348348338e+02,6.31611219685937807e-11,1.67000000000000003e-36,4.84062196797571481e-38,4.84062196797571481e-38,4.84062196797571481e-38,4.84062196797571481e-38,4.84062196797571481e-38,4.84062196797571481e-38,1.65530624737453851e-11,

1,16
2.62521345428813665e-06,3.32361593626834706e+00,4.27400604251863912e-03,0.00000000000000000e+00,1.07574257422503885e+07,7.95822988502047025e+06,4.21983497747029294e+05,2.62512028863019800e-06,1.12739051398145522e-07,2.62521345428813823e-36,2.62521345428813823e-36,2.62521345428813823e-36,2.62521345428813823e-36,2.62521345428813823e-36,2.62521345428813823e-36,2.62512034112892271e-06,

