1
1
16
0
(1 0
((0,0) (31,127) (0,0))
)
1
FabOnDisk: Cell_D_00000 0

1,16
1.21012477034661298e-08,-8.09863534524442933e-17,-1.61998979166596363e-01,0.00000000000000000e+00,7.25530386292816402e+04,7.25530386292816402e+04,3.48348348348348225e+02,1.21012517836666235e-11,1.67000000000000036e-36,1.21012477034661311e-38,1.21012477034661311e-38,1.21012477034661311e-38,1.21012477034661311e-38,1.21012477034661311e-38,1.21012477034661311e-38,3.98306620985772930e-13,

1,16
4.85744743068953539e-06,3.35745432113586251e+00,3.68763060397828829e-02,0.00000000000000000e+00,2.91757644521696400e+06,1.72507027165290317e+06,2.16774462866448332e+05,4.85744743068550606e-06,4.05657940465536732e-08,4.85744743068953901e-36,4.85744743068953901e-36,4.85744743068953901e-36,4.85744743068953901e-36,4.85744743068953901e-36,4.85744743068953901e-36,4.85744743068550860e-06,

