1
1
16
0
(1 0
((0,0) (23,255) (0,0))
)
1
FabOnDisk: Cell_D_00000 0

1,16
3.27189829117475326e-08,-1.66840834420334000e-16,-4.57029266934487033e-01,0.00000000000000000e+00,7.25530386292816547e+04,7.25530386292816547e+04,3.48348348348348338e+02,3.27189910923464859e-11,1.67000000000000036e-36,3.27189829117475600e-38,3.27189829117475600e-38,3.27189829117475600e-38,3.27189829117475600e-38,3.27189829117475600e-38,3.27189829117475600e-38,1.07690223960415933e-12,

1,16
4.44879608291282586e-06,7.22627671075894984e+00,5.71519300386808052e-02,0.00000000000000000e+00,1.45060509392025247e+07,8.56018498507551849e+06,4.29863306760747626e+05,4.44876673526380736e-06,1.45738239634812281e-07,4.44879608291282721e-36,4.44879608291282721e-36,4.44879608291282721e-36,4.44879608291282721e-36,4.44879608291282721e-36,4.44879608291282721e-36,4.44876675134858779e-06,

