1
1
16
0
(1 0
((0,0) (39,255) (0,0))
)
1
FabOnDisk: Cell_D_00000 0

1,16
1.45727598375516262e-08,-4.31796157260119120e-16,-2.17958488750608415e-01,0.00000000000000000e+00,7.25530386292816547e+04,7.25530386292816547e+04,3.48348348348348225e+02,1.45727600050494350e-11,1.67000000000000036e-36,1.45727598375516510e-38,1.45727598375516510e-38,1.45727598375516510e-38,1.45727598375516510e-38,1.45727598375516510e-38,1.45727598375516510e-38,4.79962966599750969e-13,

1,16
5.02809361923880317e-06,4.30016772345826137e+00,4.99210964497151174e-02,0.00000000000000000e+00,4.37063844139141217e+06,2.51660539281309396e+06,2.51261193962827121e+05,5.02809361860227231e-06,6.67906601147861627e-08,5.02809361923880904e-36,5.02809361923880904e-36,5.02809361923880904e-36,5.02809361923880904e-36,5.02809361923880904e-36,5.02809361923880904e-36,5.02809361860261875e-06,

