1
1
16
0
(1 0
((0,0) (47,255) (0,0))
)
1
FabOnDisk: SD_0_New_MF_D_00000 0

1,16
1.09514978298594233e-08,-1.02916663081173626e-05,-1.58632070436118350e-01,0.00000000000000000e+00,7.25530386292816547e+04,7.25530386292816547e+04,3.48348348348348338e+02,1.09514978581139684e-11,1.67000000000000036e-36,1.09514978298594357e-38,1.09514978298594357e-38,1.09514978298594357e-38,1.09514978298594357e-38,1.09514978298594357e-38,1.09514978298594357e-38,3.61319993805151819e-13,

1,16
5.01103292991134507e-06,3.34745100747931046e+00,4.27473577986441991e-02,0.00000000000000000e+00,2.70049607159472257e+06,1.59353736562518869e+06,2.07793287800340302e+05,5.01103292991117482e-06,4.75793773483435269e-08,5.01103292991134870e-36,5.01103292991134870e-36,5.01103292991134870e-36,5.01103292991134870e-36,5.01103292991134870e-36,5.01103292991134870e-36,5.01103292991117397e-06,

