1
1
16
0
(2 0
((0,0) (55,255) (0,0))
((0,256) (55,511) (0,0))
)
2
FabOnDisk: Cell_D_00000 0
FabOnDisk: Cell_D_00000 1835092

2,16
2.16976677086668528e-08,-1.19136489788302954e-17,-3.75318112140000715e-01,0.00000000000000000e+00,7.25530386292816547e+04,7.25530386292816547e+04,3.48348348348348338e+02,2.16976677168486588e-11,1.67000000000000036e-36,2.16976677086668763e-38,2.16976677086668763e-38,2.16976677086668763e-38,2.16976677086668763e-38,2.16976677086668763e-38,2.16976677086668763e-38,7.14258291144764320e-13,
2.18749142284231217e-08,-1.19136489788302954e-17,0.00000000000000000e+00,0.00000000000000000e+00,7.25530386292816547e+04,7.25530386292816547e+04,3.48348348348348338e+02,2.18749180602100534e-11,1.67000000000000036e-36,2.18749142284231375e-38,2.18749142284231375e-38,2.18749142284231375e-38,2.18749142284231375e-38,2.18749142284231375e-38,2.18749142284231375e-38,7.19911210581274095e-13,

2,16
4.98086160860996674e-06,5.89314355483315655e+00,9.67339444977816237e-02,0.00000000000000000e+00,8.33662893523878418e+06,4.74596758079327736e+06,3.28367903091722401e+05,4.98086140815494584e-06,1.07941466565744777e-07,4.98086160860997024e-36,4.98086160860997024e-36,4.98086160860997024e-36,4.98086160860997024e-36,4.98086160860997024e-36,4.98086160860997024e-36,4.98086140826485938e-06,
4.81806597422658227e-06,5.74045177162597486e+00,0.00000000000000000e+00,0.00000000000000000e+00,8.10482583312877547e+06,4.61899483755200356e+06,3.25863266556270770e+05,4.81806582805670611e-06,7.49054585929961082e-08,4.81806597422658429e-36,4.81806597422658429e-36,4.81806597422658429e-36,4.81806597422658429e-36,4.81806597422658429e-36,4.81806597422658429e-36,4.81806582813712934e-06,

