1
1
16
0
(1 0
((0,0) (23,127) (0,0))
)
1
FabOnDisk: Cell_D_00000 0

1,16
1.56665965546390077e-08,-2.72998137336504178e-16,-2.09430687377614250e-01,0.00000000000000000e+00,7.25530386292816402e+04,7.25530386292816402e+04,3.48348348348348225e+02,1.56666054142869708e-11,1.67000000000000036e-36,1.56665965546390357e-38,1.56665965546390357e-38,1.56665965546390357e-38,1.56665965546390357e-38,1.56665965546390357e-38,1.56665965546390357e-38,5.15679429596480349e-13,

1,16
4.79857239551851209e-06,4.16253602093464004e+00,3.53068190425269018e-02,0.00000000000000000e+00,4.39849899003155623e+06,2.57056380584784551e+06,2.55430143627833633e+05,4.79857239254034001e-06,5.34423648685327610e-08,4.79857239551851558e-36,4.79857239551851558e-36,4.79857239551851558e-36,4.79857239551851558e-36,4.79857239551851558e-36,4.79857239551851558e-36,4.79857239254193751e-06,

