1
1
16
0
(1 0
((0,0) (39,255) (0,0))
)
1
FabOnDisk: Cell_D_00000 0

1,16
1.53724631691236761e-08,-5.06702956602215932e-16,-2.54963109488771988e-01,0.00000000000000000e+00,7.25530386292816547e+04,7.25530386292816547e+04,3.48348348348348338e+02,1.53724634029019027e-11,1.67000000000000036e-36,1.53724631691237023e-38,1.53724631691237023e-38,1.53724631691237023e-38,1.53724631691237023e-38,1.53724631691237023e-38,1.53724631691237023e-38,5.06184766816185212e-13,

1,16
5.09240614991751192e-06,4.46460377004611075e+00,5.98908433557996944e-02,0.00000000000000000e+00,4.65166451113258302e+06,2.67420498067178531e+06,2.60295883156740572e+05,5.09240614919006224e-06,7.00415853495614740e-08,5.09240614991751471e-36,5.09240614991751471e-36,5.09240614991751471e-36,5.09240614991751471e-36,5.09240614991751471e-36,5.09240614991751471e-36,5.09240614919045696e-06,

