1
1
16
0
(1 0
((0,0) (15,255) (0,0))
)
1
FabOnDisk: Cell_D_00000 0

1,16
6.12055685496004051e-08,-1.82929651658272457e-17,-8.58876221347429025e-01,0.00000000000000000e+00,7.25530386292816547e+04,7.25530386292816547e+04,3.48348348348348338e+02,6.12056021988667259e-11,1.67000000000000036e-36,6.12055685496004694e-38,6.12055685496004694e-38,6.12055685496004694e-38,6.12055685496004694e-38,6.12055685496004694e-38,6.12055685496004694e-38,2.01499179510802065e-12,

1,16
3.86740417764808590e-06,9.77916468441802600e+00,3.35860711909637330e-02,0.00000000000000000e+00,3.58700394708003402e+07,2.21670755643704236e+07,6.46010063974938937e+05,3.86167739058221842e-06,2.89601942109907239e-07,3.86740417764808595e-36,3.86740417764808595e-36,3.86740417764808595e-36,3.86740417764808595e-36,3.86740417764808595e-36,3.86740417764808595e-36,3.86168432444284842e-06,

