1
1
16
0
(1 0
((0,0) (47,255) (0,0))
)
1
FabOnDisk: Cell_D_00000 0

1,16
1.15607492829930223e-08,-7.55863311672435737e-06,-1.73212113307251642e-01,0.00000000000000000e+00,7.25530386292816547e+04,7.25530386292816547e+04,3.48348348348348338e+02,1.15607493200382512e-11,1.67000000000000036e-36,1.15607492829930246e-38,1.15607492829930246e-38,1.15607492829930246e-38,1.15607492829930246e-38,1.15607492829930246e-38,1.15607492829930246e-38,3.81671561066733158e-13,

1,16
5.01920205544663506e-06,3.52865989174005090e+00,4.69622941726216686e-02,0.00000000000000000e+00,2.96426077842300339e+06,1.72388126002679206e+06,2.15455885285565018e+05,5.01920205544572704e-06,5.29972892341810559e-08,5.01920205544663915e-36,5.01920205544663915e-36,5.01920205544663915e-36,5.01920205544663915e-36,5.01920205544663915e-36,5.01920205544663915e-36,5.01920205544572620e-06,

