HyperCLaw-V1.1
16
density
xmom
ymom
zmom
rho_E
rho_e
Temp
rho_H0
rho_H1
rho_N0
rho_N1
rho_N2
rho_N3
rho_N4
rho_N5
rho_f_heavies
2
6.52519165367627e-09
3
0 0 
0.06 0.12 
2 2 2 
((0,0) (31,63) (0,0)) ((0,0) (63,127) (0,0)) ((0,0) (127,255) (0,0)) ((0,0) (255,511) (0,0)) 
120 240 480 960 
0.001875 0.001875 
0.0009375 0.0009375 
0.00046875 0.00046875 
0.000234375 0.000234375 
1
0
0 1 6.52519165367627e-09
120
0 0.06
0 0.12
Level_0/Cell
1 1 6.52519165367627e-09
240
0 0.0225
0 0.12
Level_1/Cell
2 1 6.52519165367627e-09
480
0 0.01875
0 0.12
Level_2/Cell
3 2 6.52519165367627e-09
960
0 0.016875
0 0.06
0 0.016875
0.06 0.12
Level_3/Cell
