1
1
16
0
(1 0
((0,0) (31,63) (0,0))
)
1
FabOnDisk: Cell_D_00000 0

1,16
2.32136458720301580e-08,-3.97607281929669947e-17,-1.69426077596536079e-01,0.00000000000000000e+00,7.25530386292816402e+04,7.25530386292816402e+04,3.48348348348348338e+02,2.33918581660114518e-11,1.67000000000000003e-36,2.32136458720301624e-38,2.32136458720301624e-38,2.32136458720301624e-38,2.32136458720301624e-38,2.32136458720301624e-38,2.32136458720301624e-38,9.53820916903740137e-13,

1,16
3.52585176350785599e-06,3.40952878982974505e+00,2.03494177922817453e-02,0.00000000000000000e+00,4.78835493315165490e+06,3.13983319302224461e+06,3.07143970843285497e+05,3.52585065953878521e-06,5.17582307907666461e-08,3.52585176350785811e-36,3.52585176350785811e-36,3.52585176350785811e-36,3.52585176350785811e-36,3.52585176350785811e-36,3.52585176350785811e-36,3.52585066012485027e-06,

