1
1
16
0
(2 0
((0,0) (71,255) (0,0))
((0,256) (71,511) (0,0))
)
2
FabOnDisk: Cell_D_00000 0
FabOnDisk: Cell_D_00000 2359380

2,16
1.61084568846645771e-08,-1.79437822154254192e-04,-2.74792386136785416e-01,0.00000000000000000e+00,7.25530386292816547e+04,7.25530386292816547e+04,3.48348348348348338e+02,1.61084569095982525e-11,1.67000000000000036e-36,1.61084568846645979e-38,1.61084568846645979e-38,1.61084568846645979e-38,1.61084568846645979e-38,1.61084568846645979e-38,1.61084568846645979e-38,5.30389722433198043e-13,
1.62306554557382827e-08,-7.25952838731680924e-18,-1.63418174537648953e-15,0.00000000000000000e+00,7.25530386292816547e+04,7.25530386292816547e+04,3.48348348348348338e+02,1.62306582988311587e-11,1.67000000000000036e-36,1.62306554557382870e-38,1.62306554557382870e-38,1.62306554557382870e-38,1.62306554557382870e-38,1.62306554557382870e-38,1.62306554557382870e-38,5.34156646085757514e-13,

2,16
5.14628738826190572e-06,4.77541548783994596e+00,6.42201927847303733e-02,0.00000000000000000e+00,5.20150775393118337e+06,2.97573714716083370e+06,2.69207275429890666e+05,5.14628738655151665e-06,8.01456014499991741e-08,5.14628738826190910e-36,5.14628738826190910e-36,5.14628738826190910e-36,5.14628738826190910e-36,5.14628738826190910e-36,5.14628738826190910e-36,5.14628738655244754e-06,
5.00342797976480573e-06,4.65220088611085103e+00,1.03234174886327373e-15,0.00000000000000000e+00,5.07620485825109482e+06,2.90286100664260564e+06,2.67072102625705709e+05,5.00342797852445642e-06,5.64667707225023335e-08,5.00342797976481125e-36,5.00342797976481125e-36,5.00342797976481125e-36,5.00342797976481125e-36,5.00342797976481125e-36,5.00342797976481125e-36,5.00342797852513574e-06,

