1
1
16
0
(1 0
((0,0) (23,127) (0,0))
)
1
FabOnDisk: Cell_D_00000 0

1,16
2.46019688154456599e-08,-4.54477292501268376e-17,-2.58729626163220039e-01,0.00000000000000000e+00,7.25530386292816402e+04,7.25530386292816402e+04,3.48348348348348225e+02,2.46021390697523007e-11,1.67000000000000036e-36,2.46019688154456602e-38,2.46019688154456602e-38,2.46019688154456602e-38,2.46019688154456602e-38,2.46019688154456602e-38,2.46019688154456602e-38,8.10192108725230050e-13,

1,16
4.13705355578978107e-06,5.09840662057718497e+00,3.07945461500167030e-02,0.00000000000000000e+00,8.03320726792333741e+06,4.84525907084221020e+06,3.40778091654900869e+05,4.13704711876099428e-06,8.36814377503524912e-08,4.13705355578978272e-36,4.13705355578978272e-36,4.13705355578978272e-36,4.13705355578978272e-36,4.13705355578978272e-36,4.13705355578978272e-36,4.13704712213425217e-06,

