1
1
16
0
(2 0
((0,0) (23,255) (0,0))
((0,256) (23,511) (0,0))
)
2
FabOnDisk: Cell_D_00000 0
FabOnDisk: Cell_D_00000 786516

2,16
6.00038429464367321e-08,3.44507243552799958e-14,-9.61206496784234199e-01,0.00000000000000000e+00,7.25530386292927724e+04,7.25530386292927724e+04,3.48348348348369825e+02,6.00038533933469809e-11,1.67000000000016039e-36,6.00038429464367622e-38,6.00038429464367622e-38,6.00038429464367622e-38,6.00038429464367622e-38,6.00038429464367622e-38,6.00038429464367622e-38,1.97474559303657361e-12,
6.17020780104031501e-08,8.93803228016914016e-11,0.00000000000000000e+00,0.00000000000000000e+00,7.25530386581144267e+04,7.25530386581144267e+04,3.48348348403722241e+02,6.17020888156659427e-11,8.11246303445967535e-35,6.17020780104031847e-38,6.17020780104031847e-38,6.17020780104031847e-38,6.17020780104031847e-38,6.17020780104031847e-38,6.17020780104031847e-38,2.03063724572895140e-12,

2,16
4.13370306672730041e-06,1.08564062138382766e+01,6.18795255366118707e-02,0.00000000000000000e+00,3.75211553816110045e+07,2.29023034188350849e+07,6.59628999981483212e+05,4.12517246235335013e-06,2.96476610018160972e-07,4.13370306672730137e-36,4.13370306672730137e-36,4.13370306672730137e-36,4.13370306672730137e-36,4.13370306672730137e-36,4.13370306672730137e-36,4.12519890329208391e-06,
3.81376583910179269e-06,1.05604987192227586e+01,0.00000000000000000e+00,0.00000000000000000e+00,3.69314353839414790e+07,2.23101741550439857e+07,6.50524574413111201e+05,3.80909363072736631e-06,2.12467811262186684e-07,3.81376583910179382e-36,3.81376583910179382e-36,3.81376583910179382e-36,3.81376583910179382e-36,3.81376583910179382e-36,3.81376583910179382e-36,3.80909614895965496e-06,

