1
1
16
0
(1 0
((0,0) (31,127) (0,0))
)
1
FabOnDisk: Cell_D_00000 0

1,16
1.26020196434101529e-08,-2.83643185031367110e-16,-1.56204480569215765e-01,0.00000000000000000e+00,7.25530386292816402e+04,7.25530386292816402e+04,3.48348348348348225e+02,1.26020241739591532e-11,1.67000000000000036e-36,1.26020196434101567e-38,1.26020196434101567e-38,1.26020196434101567e-38,1.26020196434101567e-38,1.26020196434101567e-38,1.26020196434101567e-38,4.14790756400812105e-13,

1,16
4.75183175267113804e-06,3.46670252454164229e+00,2.73052108441458746e-02,0.00000000000000000e+00,3.11616601662949054e+06,1.85144409384939796e+06,2.22436402039188135e+05,4.75183175262976133e-06,4.21717786255456345e-08,4.75183175267114567e-36,4.75183175267114567e-36,4.75183175267114567e-36,4.75183175267114567e-36,4.75183175267114567e-36,4.75183175267114567e-36,4.75183175262978420e-06,

