1
1
16
0
(2 0
((0,0) (71,255) (0,0))
((0,256) (71,511) (0,0))
)
2
FabOnDisk: Cell_D_00000 0
FabOnDisk: Cell_D_00000 2359380

2,16
1.53498654884759979e-08,-2.81473037531697172e-04,-2.55623325506697197e-01,0.00000000000000000e+00,7.25530386292816547e+04,7.25530386292816547e+04,3.48348348348348338e+02,1.53498655092961406e-11,1.67000000000000036e-36,1.53498654884760255e-38,1.53498654884760255e-38,1.53498654884760255e-38,1.53498654884760255e-38,1.53498654884760255e-38,1.53498654884760255e-38,5.05502044114728373e-13,
1.54811847566648456e-08,-9.41266617906533257e-17,-1.62546529108268097e-10,0.00000000000000000e+00,7.25530386292816547e+04,7.25530386292816547e+04,3.48348348348348338e+02,1.54811874684744068e-11,1.67000000000000036e-36,1.54811847566648622e-38,1.54811847566648622e-38,1.54811847566648622e-38,1.54811847566648622e-38,1.54811847566648622e-38,1.54811847566648622e-38,5.09491298709716310e-13,

2,16
5.15049978133248501e-06,4.63435013684039454e+00,6.42076462776413753e-02,0.00000000000000000e+00,4.88277625103015266e+06,2.77833005897940928e+06,2.60683783913815481e+05,5.15049978026726146e-06,7.72336672915977476e-08,5.15049978133248533e-36,5.15049978133248533e-36,5.15049978133248533e-36,5.15049978133248533e-36,5.15049978133248533e-36,5.15049978133248533e-36,5.15049978026784083e-06,
5.00572002328148820e-06,4.53260327629191906e+00,1.50322200808891132e-15,0.00000000000000000e+00,4.76621961310629640e+06,2.71411798090351140e+06,2.58785903698430309e+05,5.00572002250661823e-06,5.35100783113609262e-08,5.00572002328149020e-36,5.00572002328149020e-36,5.00572002328149020e-36,5.00572002328149020e-36,5.00572002328149020e-36,5.00572002328149020e-36,5.00572002250703836e-06,

