1
1
16
0
(2 0
((0,0) (87,255) (0,0))
((0,256) (87,511) (0,0))
)
2
FabOnDisk: Cell_D_00000 0
FabOnDisk: Cell_D_00000 2883668

2,16
1.09437685947031052e-08,-2.41200731982261867e-04,-1.70957147222258327e-01,0.00000000000000000e+00,7.25530386449836515e+04,7.25530386449836515e+04,3.48348348378504454e+02,1.09437686104603959e-11,1.67000000021685412e-36,1.09437685947031172e-38,1.09437685947031172e-38,1.09437685947031172e-38,1.09437685947031172e-38,1.09437685947031172e-38,1.09437685947031172e-38,3.60461266184702224e-13,
1.10170200460741703e-08,5.85582057516110576e-09,-1.50540634064383062e-04,0.00000000000000000e+00,7.25530405488224642e+04,7.25530405488224496e+04,3.48348352034859374e+02,1.10170219759045367e-11,1.67000271577065696e-36,1.10170200460741824e-38,1.10170200460741824e-38,1.10170200460741824e-38,1.10170200460741824e-38,1.10170200460741824e-38,1.10170200460741824e-38,3.62574049687560902e-13,

2,16
5.13985960050534970e-06,3.46345587949044242e+00,4.73815561912408340e-02,0.00000000000000000e+00,2.81588647902589291e+06,1.64107245748004736e+06,2.07940346148762532e+05,5.13985960050500496e-06,5.30427355666161508e-08,5.13985960050535715e-36,5.13985960050535715e-36,5.13985960050535715e-36,5.13985960050535715e-36,5.13985960050535715e-36,5.13985960050535715e-36,5.13985960050500496e-06,
5.01317801289315388e-06,3.39220209391259164e+00,5.79560318209347814e-09,0.00000000000000000e+00,2.75304314383210754e+06,1.60423096929156804e+06,2.06403952225280809e+05,5.01317801289306833e-06,3.85618039543927503e-08,5.01317801289315871e-36,5.01317801289315871e-36,5.01317801289315871e-36,5.01317801289315871e-36,5.01317801289315871e-36,5.01317801289315871e-36,5.01317801289307002e-06,

