1
1
16
0
(1 0
((0,0) (47,255) (0,0))
)
1
FabOnDisk: Cell_D_00000 0

1,16
1.28493635705902583e-08,-3.72405396141532278e-16,-2.04055393904242266e-01,0.00000000000000000e+00,7.25530386292816547e+04,7.25530386292816547e+04,3.48348348348348338e+02,1.28493636435849306e-11,1.67000000000000036e-36,1.28493635705902591e-38,1.28493635705902591e-38,1.28493635705902591e-38,1.28493635705902591e-38,1.28493635705902591e-38,1.28493635705902591e-38,4.23681531328642736e-13,

1,16
5.15502615341428391e-06,3.96012005494330532e+00,4.99546233865568387e-02,0.00000000000000000e+00,3.61428291178014269e+06,2.07877382684922474e+06,2.31158520561642217e+05,5.15502615339485636e-06,5.95394798878738437e-08,5.15502615341428944e-36,5.15502615341428944e-36,5.15502615341428944e-36,5.15502615341428944e-36,5.15502615341428944e-36,5.15502615341428944e-36,5.15502615339486737e-06,

