HyperCLaw-V1.1
16
density
xmom
ymom
zmom
rho_E
rho_e
Temp
rho_H0
rho_H1
rho_N0
rho_N1
rho_N2
rho_N3
rho_N4
rho_N5
rho_f_heavies
2
1.52062761071527e-09
3
0 0 
0.06 0.12 
2 2 2 
((0,0) (31,63) (0,0)) ((0,0) (63,127) (0,0)) ((0,0) (127,255) (0,0)) ((0,0) (255,511) (0,0)) 
70 140 280 560 
0.001875 0.001875 
0.0009375 0.0009375 
0.00046875 0.00046875 
0.000234375 0.000234375 
1
0
0 1 1.52062761071527e-09
70
0 0.06
0 0.12
Level_0/Cell
1 1 1.52062761071527e-09
140
0 0.015
0 0.12
Level_1/Cell
2 1 1.52062761071527e-09
280
0 0.01125
0 0.12
Level_2/Cell
3 2 1.52062761071527e-09
560
0 0.009375
0 0.06
0 0.009375
0.06 0.12
Level_3/Cell
