1
1
16
0
(1 0
((0,0) (23,127) (0,0))
)
1
FabOnDisk: Cell_D_00000 0

1,16
2.22554467306739365e-08,-8.19252519770973233e-17,-2.73096632367611503e-01,0.00000000000000000e+00,7.25530386292816547e+04,7.25530386292816547e+04,3.48348348348348338e+02,2.22555460526709066e-11,1.67000000000000036e-36,2.22554467306739416e-38,2.22554467306739416e-38,2.22554467306739416e-38,2.22554467306739416e-38,2.22554467306739416e-38,2.22554467306739416e-38,7.32798967412775882e-13,

1,16
4.39573992885455386e-06,5.06436935314140424e+00,2.77364017037765136e-02,0.00000000000000000e+00,7.18868283893757034e+06,4.27073177936914936e+06,3.19547002707303909e+05,4.39573861380364146e-06,7.59867807133885125e-08,4.39573992885455764e-36,4.39573992885455764e-36,4.39573992885455764e-36,4.39573992885455764e-36,4.39573992885455764e-36,4.39573992885455764e-36,4.39573861450325510e-06,

