1
1
16
0
(1 0
((0,0) (23,127) (0,0))
)
1
FabOnDisk: Cell_D_00000 0

1,16
1.75479245217242313e-08,-3.11274055955463599e-18,-2.24157461600653557e-01,0.00000000000000000e+00,7.25530386292816402e+04,7.25530386292816402e+04,3.48348348348348225e+02,1.75479383313156773e-11,1.67000000000000003e-36,1.75479245217242614e-38,1.75479245217242614e-38,1.75479245217242614e-38,1.75479245217242614e-38,1.75479245217242614e-38,1.75479245217242614e-38,5.77624158500281033e-13,

1,16
4.61831577740754086e-06,4.31544273649135057e+00,4.45914974090900612e-02,0.00000000000000000e+00,4.89369968154707178e+06,2.87748349194932356e+06,2.74487105613226711e+05,4.61831576720748625e-06,5.84344155623805925e-08,4.61831577740754216e-36,4.61831577740754216e-36,4.61831577740754216e-36,4.61831577740754216e-36,4.61831577740754216e-36,4.61831577740754216e-36,4.61831576721310208e-06,

