1
1
16
0
(1 0
((0,0) (31,63) (0,0))
)
1
FabOnDisk: Cell_D_00000 0

1,16
1.24493879782391999e-08,-4.72306162454414800e-17,-7.86949685866484699e-02,0.00000000000000000e+00,7.25530386292816402e+04,7.25530386292816402e+04,3.48348348348348338e+02,1.24680809627295766e-11,1.67000000000000036e-36,1.24493879782392017e-38,1.24493879782392017e-38,1.24493879782392017e-38,1.24493879782392017e-38,1.24493879782392017e-38,1.24493879782392017e-38,4.30242166144456430e-13,

1,16
3.61095837717160922e-06,2.09927952830214526e+00,1.31224207627300207e-02,0.00000000000000000e+00,2.00484027079034341e+06,1.33636634085903969e+06,2.10710761834867706e+05,3.61095837716757480e-06,3.61044619212590085e-08,3.61095837717161183e-36,3.61095837717161183e-36,3.61095837717161183e-36,3.61095837717161183e-36,3.61095837717161183e-36,3.61095837717161183e-36,3.61095837716757692e-06,

