CheckPointVersion_1.0
2
1e-08
3
3
(1 (0,0)(0.0018749999999999999,0.0018749999999999999) 1)
(RealBox 0 0.059999999999999998 0 0.12 )((0,0) (31,63) (0,0))P(0,0) (1 (0,0)(0.00093749999999999997,0.00093749999999999997) 1)
(RealBox 0 0.059999999999999998 0 0.12 )((0,0) (63,127) (0,0))P(0,0) (1 (0,0)(0.00046874999999999998,0.00046874999999999998) 1)
(RealBox 0 0.059999999999999998 0 0.12 )((0,0) (127,255) (0,0))P(0,0) (1 (0,0)(0.00023437499999999999,0.00023437499999999999) 1)
(RealBox 0 0.059999999999999998 0 0.12 )((0,0) (255,511) (0,0))P(0,0) 
(2,2) (2,2) (2,2) 
6.3654173641832268e-11 3.1827086820916134e-11 1.5913543410458067e-11 7.9567717052290336e-12 
6.3654173641832268e-11 3.1827086820916134e-11 1.5913543410458067e-11 7.9567717052290336e-12 
1 2 2 2 
150 300 600 1200 
5 5 5 10 
0
(1 (0,0)(0.0018749999999999999,0.0018749999999999999) 1)
(RealBox 0 0.059999999999999998 0 0.12 )((0,0) (31,63) (0,0))P(0,0)
(1 0
((0,0) (31,63) (0,0))
)2
((0,0) (31,63) (0,0))
(1 0
((0,0) (31,63) (0,0))
)9.9363458263581679e-09
9.9363458263581679e-09
1e-08
1e-08
1
Level_0/SD_0_New_MF
((0,0) (31,63) (0,0))
(1 0
((0,0) (31,63) (0,0))
)9.9363458263581679e-09
9.9363458263581679e-09
1e-08
1e-08
1
Level_0/SD_1_New_MF
1
(1 (0,0)(0.00093749999999999997,0.00093749999999999997) 1)
(RealBox 0 0.059999999999999998 0 0.12 )((0,0) (63,127) (0,0))P(0,0)
(1 0
((0,0) (31,127) (0,0))
)2
((0,0) (63,127) (0,0))
(1 0
((0,0) (31,127) (0,0))
)9.9681729131790841e-09
9.9681729131790841e-09
1e-08
1e-08
1
Level_1/SD_0_New_MF
((0,0) (63,127) (0,0))
(1 0
((0,0) (31,127) (0,0))
)9.9681729131790841e-09
9.9681729131790841e-09
1e-08
1e-08
1
Level_1/SD_1_New_MF
2
(1 (0,0)(0.00046874999999999998,0.00046874999999999998) 1)
(RealBox 0 0.059999999999999998 0 0.12 )((0,0) (127,255) (0,0))P(0,0)
(1 0
((0,0) (47,255) (0,0))
)2
((0,0) (127,255) (0,0))
(1 0
((0,0) (47,255) (0,0))
)9.984086456589543e-09
9.984086456589543e-09
1e-08
1e-08
1
Level_2/SD_0_New_MF
((0,0) (127,255) (0,0))
(1 0
((0,0) (47,255) (0,0))
)9.984086456589543e-09
9.984086456589543e-09
1e-08
1e-08
1
Level_2/SD_1_New_MF
3
(1 (0,0)(0.00023437499999999999,0.00023437499999999999) 1)
(RealBox 0 0.059999999999999998 0 0.12 )((0,0) (255,511) (0,0))P(0,0)
(2 0
((0,0) (87,255) (0,0))
((0,256) (87,511) (0,0))
)2
((0,0) (255,511) (0,0))
(2 0
((0,0) (87,255) (0,0))
((0,256) (87,511) (0,0))
)9.9920432282947716e-09
9.9920432282947716e-09
1e-08
1e-08
1
Level_3/SD_0_New_MF
((0,0) (255,511) (0,0))
(2 0
((0,0) (87,255) (0,0))
((0,256) (87,511) (0,0))
)9.9920432282947716e-09
9.9920432282947716e-09
1e-08
1e-08
1
Level_3/SD_1_New_MF
