1
1
16
0
(1 0
((0,0) (23,127) (0,0))
)
1
FabOnDisk: Cell_D_00000 0

1,16
1.42124497169604860e-08,-8.54388800052878514e-17,-1.50326987716954158e-01,0.00000000000000000e+00,7.25530386292816547e+04,7.25530386292816547e+04,3.48348348348348338e+02,1.42124561069930184e-11,1.67000000000000036e-36,1.42124497169604984e-38,1.42124497169604984e-38,1.42124497169604984e-38,1.42124497169604984e-38,1.42124497169604984e-38,1.42124497169604984e-38,4.67805291194851722e-13,

1,16
4.42637737266173111e-06,3.51391558939178772e+00,2.66785839957213722e-02,0.00000000000000000e+00,3.51791144039906422e+06,2.12288783291905373e+06,2.40105669184766361e+05,4.42637737130957260e-06,4.66885645236323091e-08,4.42637737266173634e-36,4.42637737266173634e-36,4.42637737266173634e-36,4.42637737266173634e-36,4.42637737266173634e-36,4.42637737266173634e-36,4.42637737131028411e-06,

