1
1
16
0
(2 0
((0,0) (47,255) (0,0))
((0,256) (47,511) (0,0))
)
2
FabOnDisk: Cell_D_00000 0
FabOnDisk: Cell_D_00000 1572948

2,16
2.39615209086419637e-08,1.27224401214209539e-14,-4.09076437643169866e-01,0.00000000000000000e+00,7.25530386292857875e+04,7.25530386292857875e+04,3.48348348348356296e+02,2.39615251059357564e-11,1.67000000000005749e-36,2.39615209086419671e-38,2.39615209086419671e-38,2.39615209086419671e-38,2.39615209086419671e-38,2.39615209086419671e-38,2.39615209086419671e-38,7.88582178863811837e-13,
2.41599853175892144e-08,4.96494834159019852e-12,0.00000000000000000e+00,0.00000000000000000e+00,7.25530386309009336e+04,7.25530386309009336e+04,3.48348348351458299e+02,2.41599895496476623e-11,1.67000000003716482e-36,2.41599853175892191e-38,2.41599853175892191e-38,2.41599853175892191e-38,2.41599853175892191e-38,2.41599853175892191e-38,2.41599853175892191e-38,7.95113713177985840e-13,

2,16
4.98227730602330800e-06,6.35845681406253682e+00,1.21792633474184148e-01,0.00000000000000000e+00,9.68581991760708950e+06,5.46316238774563093e+06,3.50886587978491327e+05,4.98227619872727772e-06,1.19140512026479280e-07,4.98227730602331157e-36,4.98227730602331157e-36,4.98227730602331157e-36,4.98227730602331157e-36,4.98227730602331157e-36,4.98227730602331157e-36,4.98227619934212877e-06,
4.77380552543230398e-06,6.19816973122504233e+00,0.00000000000000000e+00,0.00000000000000000e+00,9.35511493424753286e+06,5.33135361715917662e+06,3.48178767386020743e+05,4.77380472431238207e-06,8.29933260420402424e-08,4.77380552543230629e-36,4.77380552543230629e-36,4.77380552543230629e-36,4.77380552543230629e-36,4.77380552543230629e-36,4.77380552543230629e-36,4.77380472475250462e-06,

