1
1
16
0
(1 0
((0,0) (47,255) (0,0))
)
1
FabOnDisk: Cell_D_00000 0

1,16
1.24093810350491326e-08,-7.62326461336298154e-17,-1.91807656118866215e-01,0.00000000000000000e+00,7.25530386292816547e+04,7.25530386292816547e+04,3.48348348348348338e+02,1.24093810929884136e-11,1.67000000000000036e-36,1.24093810350491325e-38,1.24093810350491325e-38,1.24093810350491325e-38,1.24093810350491325e-38,1.24093810350491325e-38,1.24093810350491325e-38,4.09426727746125009e-13,

1,16
5.14015050608712852e-06,3.84709894808947128e+00,4.55304324180891493e-02,0.00000000000000000e+00,3.43402987163595110e+06,1.98221143814067100e+06,2.25869017671167443e+05,5.14015050607698361e-06,5.53633843905839393e-08,5.14015050608713441e-36,5.14015050608713441e-36,5.14015050608713441e-36,5.14015050608713441e-36,5.14015050608713441e-36,5.14015050608713441e-36,5.14015050607699208e-06,

