1
1
16
0
(1 0
((0,0) (23,127) (0,0))
)
1
FabOnDisk: Cell_D_00000 0

1,16
1.64567173659122797e-08,-1.25446222582779402e-16,-1.59006996614025703e-01,0.00000000000000000e+00,7.25530386292816402e+04,7.25530386292816402e+04,3.48348348348348225e+02,1.64567280012946107e-11,1.67000000000000036e-36,1.64567173659123052e-38,1.64567173659123052e-38,1.64567173659123052e-38,1.64567173659123052e-38,1.64567173659123052e-38,1.64567173659123052e-38,5.41693958425322189e-13,

1,16
4.34585124934910701e-06,3.68970654787079910e+00,2.89108487700040946e-02,0.00000000000000000e+00,4.19807916556754801e+06,2.56257899022327457e+06,2.63536462611555064e+05,4.34585124804031405e-06,5.59426544819687637e-08,4.34585124934910940e-36,4.34585124934910940e-36,4.34585124934910940e-36,4.34585124934910940e-36,4.34585124934910940e-36,4.34585124934910940e-36,4.34585124804102217e-06,

