1
1
16
0
(2 0
((0,0) (55,255) (0,0))
((0,256) (55,511) (0,0))
)
2
FabOnDisk: Cell_D_00000 0
FabOnDisk: Cell_D_00000 1835092

2,16
1.99002115791501425e-08,-7.49228094568908507e-05,-3.39543498521855058e-01,0.00000000000000000e+00,7.25530386292817711e+04,7.25530386292817711e+04,3.48348348348348566e+02,1.99002115869692944e-11,1.67000000000000203e-36,1.99002115791501831e-38,1.99002115791501831e-38,1.99002115791501831e-38,1.99002115791501831e-38,1.99002115791501831e-38,1.99002115791501831e-38,6.55065889050772205e-13,
2.00532945303657710e-08,8.38908800242219951e-14,-6.63796140935821071e-17,0.00000000000000000e+00,7.25530386293091433e+04,7.25530386293091433e+04,3.48348348348401203e+02,2.00532980430630504e-11,1.67000000000038023e-36,2.00532945303657847e-38,2.00532945303657847e-38,2.00532945303657847e-38,2.00532945303657847e-38,2.00532945303657847e-38,2.00532945303657847e-38,6.59961058166816234e-13,

2,16
5.04204577671952505e-06,5.61099233972316735e+00,9.44230585673110495e-02,0.00000000000000000e+00,7.31710647885270976e+06,4.12908996517433273e+06,3.09964554886210128e+05,5.04204568686444719e-06,9.94309076321356780e-08,5.04204577671952518e-36,5.04204577671952518e-36,5.04204577671952518e-36,5.04204577671952518e-36,5.04204577671952518e-36,5.04204577671952518e-36,5.04204568691426459e-06,
4.89549808945987719e-06,5.48642440640226869e+00,6.22071812076998054e-17,0.00000000000000000e+00,7.10867718172996026e+06,4.03433702092238748e+06,3.07511698676092084e+05,4.89549802522425357e-06,6.92571664553947995e-08,4.89549808945987880e-36,4.89549808945987880e-36,4.89549808945987880e-36,4.89549808945987880e-36,4.89549808945987880e-36,4.89549808945987880e-36,4.89549802525974255e-06,

