1
1
16
0
(2 0
((0,0) (87,255) (0,0))
((0,256) (87,511) (0,0))
)
2
FabOnDisk: Cell_D_00000 0
FabOnDisk: Cell_D_00000 2883668

2,16
1.12225454092791579e-08,-2.38542760546009723e-04,-1.76770510126576352e-01,0.00000000000000000e+00,7.25530386292827461e+04,7.25530386292827461e+04,3.48348348348350385e+02,1.12225454244900103e-11,1.67000000000001539e-36,1.12225454092791650e-38,1.12225454092791650e-38,1.12225454092791650e-38,1.12225454092791650e-38,1.12225454092791650e-38,1.12225454092791650e-38,3.69602893505895856e-13,
1.12949984610223817e-08,4.59412932374206140e-13,-1.24986393487635567e-04,0.00000000000000000e+00,7.25530386294320488e+04,7.25530386294320488e+04,3.48348348348637046e+02,1.12950004395456860e-11,1.67000000000207810e-36,1.12949984610223849e-38,1.12949984610223849e-38,1.12949984610223849e-38,1.12949984610223849e-38,1.12949984610223849e-38,1.12949984610223849e-38,3.71722418231141508e-13,

2,16
5.16489298710759813e-06,3.52615708435086672e+00,4.84381264474448847e-02,0.00000000000000000e+00,2.92170271765251784e+06,1.70201826652729278e+06,2.11482720892993122e+05,5.16489298710730167e-06,5.30321904687126254e-08,5.16489298710760255e-36,5.16489298710760255e-36,5.16489298710760255e-36,5.16489298710760255e-36,5.16489298710760255e-36,5.16489298710760255e-36,5.16489298710730167e-06,
5.04359113498096633e-06,3.44995143031265394e+00,4.90833077307808223e-09,0.00000000000000000e+00,2.85858997584649315e+06,1.66375861050752481e+06,2.09839892580933432e+05,5.04359113498074864e-06,3.93962964122176886e-08,5.04359113498097187e-36,5.04359113498097187e-36,5.04359113498097187e-36,5.04359113498097187e-36,5.04359113498097187e-36,5.04359113498097187e-36,5.04359113498075034e-06,

