1
1
16
0
(2 0
((0,0) (47,255) (0,0))
((0,256) (47,511) (0,0))
)
2
FabOnDisk: Cell_D_00000 0
FabOnDisk: Cell_D_00000 1572948

2,16
2.74814877626443810e-08,3.41368486713833668e-18,-4.61405317369607271e-01,0.00000000000000000e+00,7.25530386292816547e+04,7.25530386292816547e+04,3.48348348348348338e+02,2.74814925769982985e-11,1.67000000000000036e-36,2.74814877626443819e-38,2.74814877626443819e-38,2.74814877626443819e-38,2.74814877626443819e-38,2.74814877626443819e-38,2.74814877626443819e-38,9.04425556707577063e-13,
2.77524084344837374e-08,1.35660110562750252e-17,0.00000000000000000e+00,0.00000000000000000e+00,7.25530386292816547e+04,7.25530386292816547e+04,3.48348348348348338e+02,2.77524132958200673e-11,1.67000000000000036e-36,2.77524084344837459e-38,2.77524084344837459e-38,2.77524084344837459e-38,2.77524084344837459e-38,2.77524084344837459e-38,2.77524084344837459e-38,9.13341636176800775e-13,

2,16
4.88969600764788574e-06,6.95418958535774756e+00,1.26035395266511835e-01,0.00000000000000000e+00,1.20065249207141995e+07,6.85071780145896226e+06,3.84712746475036198e+05,4.88968737426934134e-06,1.34985691556803784e-07,4.88969600764788805e-36,4.88969600764788805e-36,4.88969600764788805e-36,4.88969600764788805e-36,4.88969600764788805e-36,4.88969600764788805e-36,4.88968737891361621e-06,
4.60120134612563076e-06,6.76897828510193200e+00,0.00000000000000000e+00,0.00000000000000000e+00,1.16346860986649822e+07,6.65565306169924326e+06,3.81890013889509253e+05,4.60119484932474602e-06,9.50123234085601460e-08,4.60120134612563260e-36,4.60120134612563260e-36,4.60120134612563260e-36,4.60120134612563260e-36,4.60120134612563260e-36,4.60120134612563260e-36,4.60119485283813026e-06,

