1
1
16
0
(1 0
((0,0) (31,63) (0,0))
)
1
FabOnDisk: Cell_D_00000 0

1,16
1.66999999999999989e-06,0.00000000000000000e+00,0.00000000000000000e+00,0.00000000000000000e+00,7.25530386292816402e+04,7.25530386292816402e+04,3.48348348348348281e+02,1.25291750000000006e-06,1.67000000000000003e-36,1.67000000000000003e-36,1.67000000000000003e-36,1.67000000000000003e-36,1.67000000000000003e-36,1.67000000000000003e-36,1.67000000000000003e-36,1.25292250141269805e-06,

1,16
1.67000000000000032e-06,0.00000000000000000e+00,0.00000000000000000e+00,0.00000000000000000e+00,1.11095865318191916e+08,1.11095865318191916e+08,2.66965846298336517e+05,1.67000000000000010e-06,4.17082499999999989e-07,1.67000000000000069e-36,1.67000000000000069e-36,1.67000000000000069e-36,1.67000000000000069e-36,1.67000000000000069e-36,1.67000000000000069e-36,1.67000000000000010e-06,

