1
1
16
0
(2 0
((0,0) (39,255) (0,0))
((0,256) (39,511) (0,0))
)
2
FabOnDisk: Cell_D_00000 0
FabOnDisk: Cell_D_00000 1310804

2,16
4.09226686854489340e-08,-6.60566237166646198e-23,-6.69029800793526475e-01,0.00000000000000000e+00,7.25530386292816547e+04,7.25530386292816547e+04,3.48348348348348338e+02,4.09226686995302117e-11,1.67000000000000036e-36,4.09226686854489411e-38,4.09226686854489411e-38,4.09226686854489411e-38,4.09226686854489411e-38,4.09226686854489411e-38,4.09226686854489411e-38,1.34800196064219216e-12,
4.16205140874261581e-08,-6.60566237166646198e-23,0.00000000000000000e+00,0.00000000000000000e+00,7.25530386292816547e+04,7.25530386292816547e+04,3.48348348348348338e+02,4.16205213780120575e-11,1.67000000000000036e-36,4.16205140874261732e-38,4.16205140874261732e-38,4.16205140874261732e-38,4.16205140874261732e-38,4.16205140874261732e-38,4.16205140874261732e-38,1.36974592763255154e-12,

2,16
4.60780028827188862e-06,8.80695535873242186e+00,5.35960661987573833e-02,0.00000000000000000e+00,2.12459487943733819e+07,1.24889906490055099e+07,5.01463317778219294e+05,4.60749522905008579e-06,2.01509828127170715e-07,4.60780028827188942e-36,4.60780028827188942e-36,4.60780028827188942e-36,4.60780028827188942e-36,4.60780028827188942e-36,4.60780028827188942e-36,4.60749542482231383e-06,
4.29357664981228867e-06,8.48110145441977714e+00,0.00000000000000000e+00,0.00000000000000000e+00,2.02024192270968929e+07,1.19067971424828209e+07,5.00351806342824711e+05,4.29336978144131752e-06,1.42023500772984150e-07,4.29357664981229061e-36,4.29357664981229061e-36,4.29357664981229061e-36,4.29357664981229061e-36,4.29357664981229061e-36,4.29357664981229061e-36,4.29336989617669902e-06,

