1
1
16
0
(1 0
((0,0) (23,127) (0,0))
)
1
FabOnDisk: Cell_D_00000 0

1,16
1.48388716028291150e-08,-2.56288325411672807e-16,-2.06333131367905848e-01,0.00000000000000000e+00,7.25530386292816402e+04,7.25530386292816402e+04,3.48348348348348225e+02,1.48388789346190237e-11,1.67000000000000036e-36,1.48388716028291361e-38,1.48388716028291361e-38,1.48388716028291361e-38,1.48388716028291361e-38,1.48388716028291361e-38,1.48388716028291361e-38,4.88428071380712800e-13,

1,16
4.71240166205835239e-06,3.93448551949916636e+00,4.30421492900214878e-02,0.00000000000000000e+00,3.97206801818771707e+06,2.32521777506811265e+06,2.46780148055699043e+05,4.71240166170040728e-06,4.97800713336279931e-08,4.71240166205835515e-36,4.71240166205835515e-36,4.71240166205835515e-36,4.71240166205835515e-36,4.71240166205835515e-36,4.71240166205835515e-36,4.71240166170060125e-06,

