1
1
16
0
(1 0
((0,0) (31,63) (0,0))
)
1
FabOnDisk: Cell_D_00000 0

1,16
9.24926308138925459e-08,-7.52534206122032026e-38,-1.73092984718119652e-01,0.00000000000000000e+00,7.25530386292816402e+04,7.25530386292816402e+04,3.48348348348348338e+02,3.62380265733751736e-10,1.67000000000000036e-36,9.24926308138925856e-38,9.24926308138925856e-38,9.24926308138925856e-38,9.24926308138925856e-38,9.24926308138925856e-38,9.24926308138925856e-38,2.73578453710860568e-10,

1,16
2.42840460053579077e-06,3.41920352759480251e+00,2.65636241895602211e-04,0.00000000000000000e+00,1.70379345662720166e+07,1.38168476575793792e+07,4.48743491140813509e+05,2.42650028497984618e-06,1.12281520089568803e-07,2.42840460053579218e-36,2.42840460053579218e-36,2.42840460053579218e-36,2.42840460053579218e-36,2.42840460053579218e-36,2.42840460053579218e-36,2.42650127438941931e-06,

