1
1
16
0
(1 0
((0,0) (31,63) (0,0))
)
1
FabOnDisk: Cell_D_00000 0

1,16
1.70062860199630069e-08,-5.67637108545766616e-17,-8.86302227672669113e-02,0.00000000000000000e+00,7.25530386292816402e+04,7.25530386292816402e+04,3.48348348348348338e+02,1.70635198858120171e-11,1.67000000000000003e-36,1.70062860199630352e-38,1.70062860199630352e-38,1.70062860199630352e-38,1.70062860199630352e-38,1.70062860199630352e-38,1.70062860199630352e-38,6.22009124825183770e-13,

1,16
3.43109487953550420e-06,2.89349438809330861e+00,1.32935490784837160e-02,0.00000000000000000e+00,3.46953060687214881e+06,2.24925559482253203e+06,2.55036617501325585e+05,3.43109455670265471e-06,4.69812171153267472e-08,3.43109487953550748e-36,3.43109487953550748e-36,3.43109487953550748e-36,3.43109487953550748e-36,3.43109487953550748e-36,3.43109487953550748e-36,3.43109455687495900e-06,

