1
1
16
0
(1 0
((0,0) (39,255) (0,0))
)
1
FabOnDisk: Cell_D_00000 0

1,16
1.84467715244661840e-08,-3.11274055955463561e-18,-2.78822799025679524e-01,0.00000000000000000e+00,7.25530386292816547e+04,7.25530386292816547e+04,3.48348348348348338e+02,1.84467721072518401e-11,1.67000000000000036e-36,1.84467715244662246e-38,1.84467715244662246e-38,1.84467715244662246e-38,1.84467715244662246e-38,1.84467715244662246e-38,1.84467715244662246e-38,6.07203399970109034e-13,

1,16
4.88872201506970850e-06,5.03769136002084394e+00,5.51567541395732164e-02,0.00000000000000000e+00,6.14999269662330020e+06,3.55816828221732751e+06,2.93624162055590423e+05,4.88872199708010767e-06,8.24248909689743480e-08,4.88872201506971233e-36,4.88872201506971233e-36,4.88872201506971233e-36,4.88872201506971233e-36,4.88872201506971233e-36,4.88872201506971233e-36,4.88872199708999339e-06,

