1
1
16
0
(1 0
((0,0) (15,127) (0,0))
)
1
FabOnDisk: Cell_D_00000 0

1,16
3.36559946131810854e-08,-8.22010503620057725e-17,-4.03750068305785470e-01,0.00000000000000000e+00,7.25530386292816402e+04,7.25530386292816402e+04,3.48348348348348338e+02,3.36570401350554012e-11,1.67000000000000003e-36,3.36559946131811080e-38,3.36559946131811080e-38,3.36559946131811080e-38,3.36559946131811080e-38,3.36559946131811080e-38,3.36559946131811080e-38,1.10979940445672942e-12,

1,16
4.15693111741412719e-06,6.24754035155796572e+00,2.78830510601155331e-02,0.00000000000000000e+00,1.27167685747717116e+07,7.70195462587769236e+06,4.16382706809385214e+05,4.15686147423836923e-06,1.22854625042806809e-07,4.15693111741412894e-36,4.15693111741412894e-36,4.15693111741412894e-36,4.15693111741412894e-36,4.15693111741412894e-36,4.15693111741412894e-36,4.15686152216875176e-06,

